0 0.679973 0.745487 0.119080 0.137184
0 0.524696 0.721119 0.111637 0.128159
0 0.589310 0.636282 0.077131 0.084838
0 0.704668 0.592960 0.092693 0.113718
0 0.603518 0.540162 0.060893 0.103791
0 0.554465 0.465253 0.076455 0.105596
0 0.502368 0.466606 0.081867 0.095668
0 0.521313 0.306408 0.095399 0.116426
0 0.368065 0.439531 0.113667 0.122744
0 0.406631 0.576715 0.097429 0.119134
0 0.345737 0.355144 0.108254 0.091155
0 0.221583 0.274819 0.084574 0.107401
0 0.279770 0.213899 0.080514 0.102888
0 0.321719 0.161101 0.071042 0.129061
0 0.381597 0.178700 0.090663 0.124549
0 0.346752 0.725632 0.050744 0.086643
0 0.284506 0.731949 0.073748 0.077617
0 0.221583 0.769856 0.053451 0.101083
0 0.271313 0.815433 0.062246 0.098375
0 0.144790 0.908394 0.100135 0.091155
