0 0.245940 0.397563 0.052097 0.055054
0 0.324425 0.492329 0.058863 0.064079
0 0.177267 0.427347 0.046008 0.047834
0 0.108254 0.474729 0.067659 0.046931
0 0.135318 0.517599 0.062246 0.071300
0 0.049391 0.551895 0.039242 0.031588
0 0.074087 0.602888 0.049391 0.075812
0 0.022666 0.666968 0.042625 0.061372
0 0.098106 0.699007 0.058187 0.055054
0 0.098106 0.871390 0.066306 0.080325
0 0.202300 0.607852 0.060893 0.080325
0 0.254060 0.668321 0.064276 0.064079
0 0.342016 0.895307 0.058863 0.090253
0 0.402571 0.879513 0.058187 0.073105
0 0.449594 0.785650 0.053451 0.065884
0 0.341001 0.618231 0.039242 0.054152
0 0.473951 0.648014 0.048038 0.061372
0 0.506766 0.821300 0.035183 0.066787
0 0.550406 0.873646 0.052097 0.066787
0 0.562923 0.784296 0.051421 0.059567
0 0.624154 0.797834 0.046685 0.061372
0 0.634303 0.888087 0.030447 0.066787
0 0.682341 0.794224 0.041272 0.059567
0 0.626184 0.668321 0.064276 0.092960
0 0.636671 0.571751 0.050068 0.056859
0 0.599459 0.510379 0.035183 0.047834
0 0.543302 0.551895 0.040595 0.049639
0 0.553112 0.418773 0.035859 0.039711
0 0.470230 0.422383 0.051421 0.070397
1 0.527064 0.498646 0.151556 0.109206
