0 0.160690 0.740523 0.048038 0.062274
0 0.162043 0.643051 0.030447 0.047834
0 0.257442 0.614621 0.035859 0.043321
0 0.244249 0.650271 0.044655 0.062274
0 0.283153 0.713448 0.048038 0.073105
0 0.313599 0.658845 0.037212 0.059567
0 0.651894 0.668321 0.041272 0.049639
0 0.687415 0.544675 0.040595 0.055054
0 0.708051 0.588448 0.046685 0.052347
0 0.746279 0.555505 0.033829 0.047834
0 0.765562 0.612365 0.048038 0.047834
0 0.774696 0.644404 0.037889 0.045126
1 0.619080 0.578971 0.085250 0.071300
0 0.826793 0.050993 0.012179 0.020758
0 0.850812 0.078520 0.008796 0.016245
0 0.856563 0.098375 0.023004 0.019856
0 0.836942 0.068592 0.012179 0.021661
0 0.795332 0.190884 0.014208 0.015343
0 0.753721 0.138087 0.010825 0.025271
0 0.739851 0.142599 0.014208 0.016245
0 0.821719 0.267148 0.011502 0.014440
0 0.838633 0.267599 0.008796 0.011733
0 0.843031 0.278881 0.006766 0.009025
0 0.848782 0.291968 0.012855 0.011733
0 0.850474 0.303249 0.010825 0.012635
0 0.806157 0.375903 0.011502 0.017148
0 0.793302 0.386733 0.006089 0.011733
0 0.822733 0.392148 0.009472 0.013538
0 0.813938 0.406588 0.009472 0.015343
0 0.987145 0.806859 0.018945 0.028881
