0 0.535521 0.298285 0.060217 0.092960
0 0.415088 0.371841 0.058863 0.084838
0 0.587618 0.334838 0.058863 0.084838
0 0.595737 0.367329 0.058863 0.084838
0 0.450947 0.457581 0.039919 0.061372
0 0.507104 0.448556 0.058863 0.084838
0 0.675575 0.447653 0.058863 0.084838
0 0.668809 0.351534 0.061570 0.085740
0 0.551083 0.507220 0.058863 0.084838
0 0.577470 0.568592 0.058863 0.084838
0 0.633965 0.567238 0.055480 0.065884
0 0.653924 0.525722 0.057510 0.074910
0 0.585250 0.633123 0.037889 0.065884
0 0.415765 0.551895 0.045332 0.060469
0 0.650541 0.644856 0.069689 0.087545
0 0.467862 0.605596 0.058863 0.084838
0 0.502368 0.738267 0.058863 0.084838
0 0.572733 0.739170 0.058863 0.084838
0 0.604533 0.758123 0.058863 0.084838
0 0.415088 0.611462 0.045332 0.060469
0 0.501691 0.362816 0.039919 0.061372
0 0.965494 0.296931 0.062246 0.055957
