0 0.537212 0.379061 0.078484 0.104693
0 0.660690 0.445397 0.061570 0.082130
0 0.678281 0.419224 0.056157 0.074910
0 0.746279 0.675090 0.078484 0.104693
0 0.549391 0.525722 0.070365 0.094765
0 0.453654 0.793321 0.038566 0.050542
0 0.216171 0.561823 0.039919 0.053249
0 0.255074 0.467058 0.023004 0.031588
0 0.318674 0.555957 0.035183 0.046931
0 0.310217 0.440884 0.037212 0.049639
0 0.294317 0.365975 0.031123 0.042419
0 0.340325 0.303249 0.035183 0.046931
0 0.370095 0.318592 0.032476 0.043321
0 0.358593 0.388989 0.024357 0.032491
0 0.142422 0.348827 0.023681 0.031588
0 0.158660 0.417419 0.019621 0.026173
0 0.048376 0.453069 0.026387 0.036101
0 0.020974 0.161552 0.020298 0.027076
0 0.034168 0.189531 0.023681 0.030686
0 0.085927 0.123646 0.020298 0.027076
