0 0.301759 0.452617 0.071719 0.065884
0 0.369418 0.499097 0.050068 0.061372
0 0.412720 0.570397 0.052774 0.081227
0 0.383965 0.449458 0.052097 0.066787
0 0.335927 0.310469 0.053451 0.061372
0 0.383288 0.330776 0.041272 0.049639
0 0.435047 0.333484 0.055480 0.073105
0 0.421854 0.421480 0.050744 0.061372
0 0.467185 0.540614 0.048038 0.079422
0 0.455007 0.667870 0.042625 0.055957
0 0.419824 0.738267 0.064276 0.077617
0 0.402233 0.847473 0.062923 0.059567
0 0.566982 0.820848 0.060893 0.069495
0 0.493911 0.650722 0.040595 0.054152
0 0.534506 0.586643 0.047361 0.061372
0 0.582882 0.670578 0.039919 0.066787
0 0.623139 0.646661 0.055480 0.074910
0 0.664411 0.607401 0.055480 0.059567
0 0.711434 0.631769 0.053451 0.075812
0 0.608593 0.547383 0.053451 0.082130
0 0.640731 0.497292 0.046008 0.055957
0 0.689445 0.503610 0.047361 0.039711
0 0.673884 0.536101 0.048714 0.052347
0 0.580514 0.442238 0.048714 0.057762
0 0.480041 0.301444 0.035859 0.043321
0 0.575440 0.325812 0.062923 0.081227
0 0.618742 0.320397 0.045332 0.054152
0 0.621786 0.262184 0.066306 0.092960
0 0.676252 0.287906 0.022327 0.046931
0 0.668471 0.324910 0.032476 0.037906
0 0.841001 0.111462 0.016238 0.026173
0 0.917118 0.139440 0.023681 0.029783
0 0.926252 0.090704 0.014885 0.029783
0 0.917794 0.054152 0.023681 0.039711
0 0.905277 0.086191 0.021651 0.027978
0 0.877537 0.090704 0.012179 0.022563
0 0.848782 0.067238 0.012855 0.024368
0 0.804465 0.060921 0.024357 0.024368
0 0.890392 0.046029 0.021651 0.028881
