0 0.060217 0.583484 0.041949 0.049639
0 0.095737 0.594765 0.020974 0.034296
0 0.005751 0.654783 0.010149 0.046029
0 0.089310 0.663357 0.051421 0.037906
0 0.039919 0.703069 0.032476 0.027076
0 0.047700 0.732852 0.034506 0.037906
0 0.071719 0.712094 0.033829 0.043321
0 0.096076 0.710740 0.031123 0.046029
0 0.236468 0.630415 0.029093 0.037004
0 0.282138 0.583032 0.032476 0.037906
0 0.503721 0.908394 0.057510 0.056859
0 0.511840 0.878159 0.041272 0.043321
0 0.556834 0.823105 0.039242 0.055957
0 0.510487 0.796480 0.039919 0.051444
0 0.396482 0.433213 0.032476 0.043321
0 0.413735 0.484206 0.027740 0.049639
0 0.488836 0.517148 0.039919 0.043321
0 0.674899 0.570397 0.037212 0.039711
0 0.674222 0.608303 0.018268 0.028881
0 0.686401 0.647563 0.033153 0.037004
0 0.579838 0.268953 0.035183 0.043321
0 0.636333 0.226083 0.031800 0.044224
0 0.657984 0.264440 0.025034 0.028881
