0 0.410352 0.466155 0.053451 0.055054
0 0.440122 0.358303 0.030447 0.046931
0 0.465832 0.305054 0.038566 0.059567
0 0.490866 0.267148 0.020974 0.045126
0 0.530108 0.303700 0.025034 0.065884
0 0.557510 0.307310 0.027064 0.035199
0 0.588633 0.334386 0.039242 0.047834
0 0.617050 0.428700 0.046008 0.045126
0 0.523004 0.473375 0.039242 0.055054
0 0.538904 0.518502 0.046685 0.055054
0 0.656631 0.516245 0.026387 0.032491
0 0.690798 0.538357 0.028417 0.035199
0 0.684371 0.478791 0.015562 0.026173
0 0.692490 0.455776 0.023681 0.032491
0 0.725643 0.467509 0.025034 0.036101
0 0.747632 0.472022 0.018945 0.030686
0 0.761164 0.492329 0.021651 0.022563
0 0.776725 0.528430 0.029770 0.037004
