0 0.379905 0.620487 0.030447 0.035199
0 0.423207 0.610560 0.025034 0.044224
0 0.365697 0.672834 0.033153 0.040614
0 0.402909 0.652978 0.029093 0.040614
0 0.520298 0.820397 0.027064 0.032491
0 0.524357 0.780235 0.020298 0.024368
0 0.522666 0.670578 0.019621 0.037906
0 0.589310 0.405686 0.025710 0.026173
0 0.621786 0.407491 0.025710 0.024368
0 0.628890 0.434116 0.022327 0.023466
0 0.574763 0.432310 0.027740 0.032491
0 0.700609 0.507220 0.043978 0.046931
0 0.723613 0.472924 0.031800 0.054152
0 0.749662 0.495487 0.033829 0.052347
0 0.761840 0.455776 0.043302 0.036101
0 0.778755 0.421029 0.035183 0.049639
0 0.834912 0.481047 0.023004 0.034296
