0 0.374154 0.365523 0.032476 0.043321
0 0.404601 0.342058 0.046008 0.061372
0 0.441137 0.336643 0.028417 0.037906
0 0.402233 0.578069 0.049391 0.065884
0 0.416441 0.620487 0.034506 0.046029
0 0.465494 0.621841 0.028417 0.037906
0 0.423884 0.805505 0.041272 0.055054
0 0.478687 0.846119 0.019621 0.026173
0 0.517930 0.784747 0.054804 0.073105
0 0.488498 0.736462 0.027064 0.036101
0 0.536536 0.719314 0.052774 0.070397
0 0.489175 0.405235 0.043302 0.057762
0 0.519621 0.350632 0.048714 0.065884
0 0.549053 0.462996 0.054804 0.074007
0 0.615697 0.427798 0.047361 0.063177
0 0.638024 0.400722 0.054127 0.072202
0 0.659675 0.606047 0.054127 0.071300
0 0.643437 0.681408 0.051421 0.068592
0 0.613667 0.657040 0.032476 0.043321
0 0.625169 0.720217 0.024357 0.032491
0 0.541272 0.139892 0.025710 0.034296
0 0.527740 0.134477 0.021651 0.028881
0 0.450271 0.143953 0.019621 0.026173
0 0.434371 0.139892 0.025710 0.034296
0 0.456698 0.114170 0.018945 0.024368
