1 0.558187 0.407040 0.096076 0.135379
1 0.595737 0.524368 0.077808 0.104693
1 0.514547 0.598375 0.104871 0.142599
1 0.372463 0.533845 0.054804 0.062274
0 0.452639 0.577617 0.051421 0.059567
0 0.464141 0.514892 0.039242 0.033394
0 0.521313 0.477888 0.053451 0.049639
0 0.439783 0.315433 0.033829 0.056859
1 0.938769 0.074007 0.048038 0.045126
0 0.820027 0.032942 0.017591 0.018953
0 0.835927 0.009025 0.014208 0.014440
0 0.944858 0.037455 0.018268 0.018953
0 0.985115 0.027076 0.023004 0.021661
0 0.884303 0.012184 0.035183 0.022563
0 0.861976 0.061372 0.029770 0.028881
0 0.933018 0.009025 0.023004 0.014440
0 0.759472 0.834386 0.014208 0.020758
0 0.787212 0.858303 0.019621 0.021661
1 0.810555 0.840253 0.023004 0.023466
0 0.653586 0.891697 0.012179 0.016245
0 0.677605 0.928249 0.014208 0.018953
0 0.640392 0.924639 0.018268 0.026173
0 0.652571 0.948556 0.014208 0.016245
0 0.691813 0.895307 0.014208 0.014440
0 0.705345 0.925993 0.015562 0.023466
