0 0.634641 0.474278 0.054127 0.069495
0 0.640054 0.559567 0.036536 0.043321
0 0.594384 0.626805 0.062923 0.064079
0 0.530447 0.644856 0.039242 0.044224
0 0.352503 0.614621 0.066306 0.079422
0 0.333559 0.373646 0.054127 0.061372
0 0.352503 0.471119 0.062246 0.061372
0 0.396820 0.522563 0.034506 0.046931
0 0.387686 0.407491 0.041949 0.049639
0 0.397497 0.307762 0.038566 0.043321
0 0.513870 0.299639 0.052097 0.070397
0 0.636671 0.355144 0.039242 0.047834
0 0.577808 0.321300 0.029770 0.046931
0 0.440798 0.513538 0.045332 0.054152
0 0.461773 0.554152 0.043978 0.054152
0 0.497294 0.584838 0.035183 0.046931
0 0.676252 0.203520 0.029093 0.046029
0 0.653924 0.262635 0.030447 0.036101
0 0.692490 0.281137 0.029093 0.038809
0 0.728011 0.194946 0.031123 0.057762
0 0.667118 0.143953 0.032476 0.037004
0 0.705007 0.130866 0.023004 0.036101
0 0.730379 0.129964 0.029093 0.043321
