1 0.419486 0.584838 0.167794 0.187726
1 0.784506 0.808213 0.057510 0.116426
0 0.250338 0.544675 0.056834 0.073105
0 0.275372 0.619585 0.078484 0.085740
0 0.179296 0.708484 0.078484 0.068592
0 0.233424 0.664260 0.044655 0.052347
0 0.266238 0.751354 0.042625 0.055054
0 0.253045 0.873646 0.066306 0.084838
0 0.336604 0.746390 0.087280 0.106498
0 0.291272 0.471119 0.046685 0.054152
0 0.310893 0.410650 0.053451 0.066787
0 0.388363 0.456679 0.051421 0.074007
0 0.448917 0.426895 0.052097 0.090253
0 0.555819 0.506769 0.052097 0.069495
0 0.571042 0.597022 0.056834 0.078520
0 0.633965 0.510379 0.069012 0.100181
0 0.702639 0.499549 0.057510 0.069495
0 0.748985 0.612365 0.056834 0.065884
0 0.753383 0.696751 0.037212 0.050542
0 0.803112 0.704874 0.040595 0.046931
0 0.839648 0.797834 0.050068 0.066787
0 0.929635 0.730144 0.044655 0.054152
0 0.968877 0.546029 0.021651 0.032491
0 0.937415 0.529332 0.014208 0.020758
0 0.907307 0.541516 0.006766 0.012635
0 0.915088 0.557762 0.015562 0.014440
0 0.506089 0.537455 0.047361 0.062274
