1 0.562923 0.405235 0.246279 0.341155
1 0.223951 0.592509 0.178620 0.291516
1 0.248309 0.925542 0.169147 0.148917
1 0.702977 0.523917 0.142084 0.293321
0 0.485115 0.650271 0.124493 0.127256
0 0.347091 0.282491 0.100135 0.184116
0 0.395805 0.854242 0.132612 0.148917
0 0.622801 0.779783 0.117050 0.149819
0 0.661705 0.640794 0.063599 0.095668
0 0.148512 0.791968 0.068336 0.078520
0 0.084574 0.881769 0.101488 0.070397
0 0.064614 0.965704 0.049391 0.050542
0 0.104871 0.967960 0.062246 0.064079
0 0.590325 0.557762 0.100812 0.115523
