0 0.014208 0.557762 0.027064 0.045126
0 0.125846 0.631769 0.054127 0.052347
0 0.195535 0.436372 0.054127 0.074910
0 0.186739 0.500451 0.041949 0.058664
0 0.239851 0.435469 0.043978 0.062274
0 0.297700 0.425090 0.041949 0.052347
0 0.327131 0.398917 0.039919 0.052347
0 0.374154 0.448556 0.058187 0.074007
0 0.363667 0.521209 0.045332 0.058664
0 0.266238 0.719314 0.064276 0.077617
0 0.181664 0.900271 0.065629 0.087545
0 0.238498 0.974278 0.054804 0.051444
0 0.399188 0.698105 0.044655 0.044224
0 0.479026 0.639440 0.055480 0.085740
0 0.437415 0.886733 0.053451 0.055054
0 0.638363 0.458032 0.053451 0.064079
0 0.695196 0.370487 0.054804 0.053249
0 0.723613 0.441787 0.054804 0.078520
0 0.776725 0.328069 0.048714 0.062274
0 0.820704 0.412906 0.031123 0.058664
0 0.769283 0.447202 0.028417 0.062274
0 0.924222 0.604693 0.062246 0.072202
0 0.985453 0.523917 0.029093 0.064079
