1 0.454330 0.441336 0.069689 0.148014
1 0.452639 0.759477 0.090663 0.100181
0 0.241543 0.374549 0.060893 0.090253
0 0.230041 0.544675 0.069012 0.069495
0 0.221922 0.498646 0.071719 0.071300
0 0.337280 0.231949 0.129229 0.142599
0 0.544993 0.414260 0.083221 0.126354
0 0.571719 0.512635 0.044655 0.084838
0 0.555819 0.576715 0.030447 0.046931
0 0.477334 0.669224 0.041272 0.071300
0 0.510487 0.680054 0.035859 0.069495
0 0.363667 0.722924 0.048038 0.088448
0 0.394790 0.756318 0.031800 0.083032
0 0.459743 0.805054 0.037212 0.075812
0 0.604533 0.530686 0.031800 0.068592
0 0.579838 0.444946 0.039242 0.039711
0 0.613329 0.275722 0.061570 0.092960
0 0.660690 0.435469 0.041272 0.069495
0 0.757104 0.571751 0.040595 0.056859
0 0.737483 0.401173 0.040595 0.056859
0 0.762179 0.443592 0.030447 0.042419
0 0.811570 0.246841 0.053451 0.071300
0 0.831867 0.361913 0.069689 0.074007
