1 0.486130 0.458935 0.080514 0.074910
1 0.511840 0.536101 0.065629 0.084838
1 0.441475 0.605144 0.069689 0.087545
1 0.534844 0.648014 0.095399 0.111913
1 0.578146 0.570397 0.084574 0.117329
1 0.580853 0.489621 0.069689 0.094765
0 0.615697 0.533845 0.033829 0.051444
0 0.610284 0.735108 0.032476 0.047834
0 0.583897 0.805054 0.043302 0.045126
0 0.639378 0.683664 0.027064 0.044224
0 0.651218 0.720668 0.025034 0.040614
0 0.673884 0.715704 0.032476 0.041516
0 0.657984 0.799639 0.031800 0.046931
0 0.680988 0.782491 0.031800 0.048736
0 0.717185 0.792870 0.041949 0.053249
0 0.676928 0.454874 0.053451 0.050542
0 0.685386 0.546480 0.039242 0.042419
0 0.668471 0.575361 0.039242 0.046029
0 0.722936 0.606949 0.042625 0.056859
1 0.711096 0.533845 0.060893 0.107401
1 0.677943 0.633123 0.073072 0.101986
0 0.593708 0.329874 0.037212 0.049639
0 0.615359 0.385379 0.035859 0.045126
0 0.648512 0.369134 0.037212 0.052347
0 0.679635 0.388087 0.041272 0.048736
0 0.696888 0.360108 0.036536 0.046931
1 0.658999 0.330776 0.071719 0.074910
1 0.544317 0.309116 0.071042 0.074910
