0 0.470907 0.575812 0.063599 0.068592
0 0.411367 0.538809 0.060893 0.063177
0 0.505413 0.470217 0.056834 0.066787
0 0.533153 0.413809 0.064953 0.056859
0 0.548714 0.361011 0.048714 0.052347
0 0.626184 0.366877 0.052097 0.069495
0 0.592693 0.382220 0.055480 0.058664
0 0.656969 0.389440 0.048714 0.065884
0 0.622463 0.431408 0.056834 0.061372
0 0.578484 0.500000 0.052774 0.068592
0 0.559540 0.565433 0.070365 0.069495
0 0.504060 0.524819 0.067659 0.071300
0 0.753383 0.388538 0.054804 0.062274
0 0.727334 0.417419 0.040595 0.067690
0 0.763194 0.442238 0.077131 0.068592
