1 0.563261 0.339350 0.192828 0.189531
1 0.637686 0.560018 0.158999 0.278881
1 0.647497 0.797834 0.148850 0.169675
1 0.443166 0.779332 0.100135 0.118231
0 0.503045 0.207581 0.091340 0.111913
0 0.384641 0.362365 0.075101 0.105596
0 0.335589 0.368682 0.078484 0.087545
0 0.463802 0.407040 0.069689 0.108303
0 0.337280 0.486913 0.092693 0.103791
0 0.494249 0.538357 0.061570 0.082130
0 0.548038 0.585289 0.055480 0.085740
0 0.459743 0.625000 0.083221 0.116426
0 0.423884 0.659747 0.084574 0.074007
0 0.367727 0.704422 0.041272 0.055054
0 0.347767 0.774819 0.046008 0.053249
0 0.354871 0.793321 0.054804 0.050542
0 0.698917 0.708935 0.085250 0.105596
