0 0.419147 0.334838 0.052097 0.086643
0 0.486130 0.267599 0.048038 0.064079
0 0.555142 0.304603 0.058863 0.060469
0 0.461434 0.358755 0.054127 0.069495
1 0.563261 0.253159 0.095399 0.074910
1 0.625507 0.359657 0.085927 0.089350
0 0.694181 0.330776 0.055480 0.076715
0 0.668133 0.427798 0.066982 0.077617
1 0.733085 0.453520 0.037212 0.105596
1 0.667794 0.513087 0.041949 0.136282
0 0.601488 0.493231 0.054127 0.062274
0 0.582206 0.452166 0.048038 0.079422
1 0.627537 0.545126 0.083221 0.113718
0 0.648512 0.617329 0.068336 0.066787
1 0.637348 0.680054 0.070365 0.118231
0 0.578146 0.663809 0.072395 0.080325
1 0.526049 0.569495 0.122463 0.146209
1 0.498309 0.435469 0.106225 0.194043
