0 0.107240 0.740523 0.041272 0.044224
0 0.543978 0.209838 0.024357 0.037004
0 0.565629 0.206227 0.025710 0.042419
0 0.582882 0.206227 0.029093 0.042419
0 0.596414 0.206227 0.023681 0.037004
0 0.266576 0.721119 0.054127 0.054152
0 0.210081 0.698105 0.041272 0.044224
0 0.561908 0.309116 0.041272 0.044224
0 0.540934 0.281137 0.041272 0.044224
0 0.532138 0.258574 0.041272 0.044224
0 0.570704 0.236011 0.041272 0.044224
0 0.550406 0.249549 0.041272 0.044224
0 0.871110 0.178700 0.027740 0.037906
0 0.877876 0.157942 0.026387 0.032491
0 0.878552 0.135379 0.030447 0.030686
0 0.873816 0.100632 0.041272 0.044224
0 0.565968 0.371390 0.049391 0.038809
0 0.552436 0.352437 0.041272 0.044224
0 0.545670 0.328069 0.041272 0.044224
0 0.750000 0.525722 0.041272 0.044224
0 0.756089 0.562726 0.042625 0.053249
0 0.849459 0.254964 0.056157 0.076715
0 0.877537 0.199458 0.031123 0.030686
0 0.821042 0.631318 0.041272 0.044224
0 0.869080 0.615975 0.041272 0.044224
0 0.886671 0.615072 0.041272 0.044224
0 0.875169 0.647563 0.041272 0.044224
0 0.889378 0.656588 0.041272 0.044224
0 0.877876 0.689982 0.041272 0.044224
0 0.622124 0.502256 0.041272 0.044224
0 0.599797 0.536552 0.041272 0.044224
0 0.639716 0.537455 0.041272 0.044224
0 0.614682 0.587094 0.041272 0.044224
0 0.627537 0.574458 0.041272 0.044224
0 0.669486 0.598827 0.041272 0.044224
0 0.651218 0.474278 0.041272 0.044224
0 0.661367 0.510379 0.041272 0.044224
0 0.691813 0.545578 0.041272 0.044224
0 0.708728 0.505866 0.041272 0.044224
0 0.720230 0.594314 0.041272 0.044224
0 0.728349 0.507671 0.041272 0.044224
0 0.120095 0.831679 0.041272 0.044224
0 0.128214 0.771209 0.041272 0.044224
0 0.155954 0.782942 0.041272 0.044224
0 0.175575 0.798285 0.041272 0.044224
0 0.601150 0.504964 0.041272 0.044224
0 0.616712 0.467058 0.041272 0.044224
