1 0.438769 0.672383 0.106225 0.092058
1 0.487483 0.594314 0.127876 0.120036
1 0.619080 0.607401 0.119080 0.149819
1 0.643775 0.548285 0.103518 0.092960
1 0.699932 0.561372 0.107578 0.099278
1 0.582544 0.535650 0.067659 0.071300
0 0.582882 0.365072 0.041272 0.055054
0 0.604533 0.289260 0.034506 0.038809
0 0.609608 0.243231 0.040595 0.044224
1 0.572057 0.320397 0.050744 0.077617
1 0.683694 0.244585 0.066982 0.104693
1 0.711773 0.194043 0.067659 0.070397
1 0.737821 0.151173 0.077808 0.046029
1 0.697903 0.140794 0.053451 0.034296
1 0.680311 0.165162 0.071042 0.046931
