0 0.847767 0.532491 0.085250 0.084838
0 0.734100 0.544675 0.092016 0.105596
0 0.719215 0.353339 0.064953 0.060469
0 0.757442 0.381769 0.060217 0.084838
0 0.748985 0.451264 0.071719 0.063177
0 0.622463 0.546029 0.059540 0.086643
0 0.605886 0.295126 0.068336 0.074007
0 0.581529 0.356949 0.054804 0.076715
0 0.459743 0.427798 0.056157 0.084838
0 0.556157 0.645307 0.063599 0.095668
0 0.569012 0.526173 0.054127 0.072202
0 0.512855 0.532040 0.047361 0.076715
0 0.442152 0.708484 0.081867 0.084838
0 0.397158 0.575812 0.059540 0.090253
0 0.467862 0.582581 0.043978 0.073105
