1 0.221570 0.699594 0.159747 0.113667
0 0.317690 0.700271 0.093863 0.081191
0 0.240975 0.625169 0.095668 0.066306
0 0.333935 0.556495 0.088448 0.056157
0 0.387635 0.588972 0.078520 0.062923
0 0.331227 0.463464 0.086643 0.070365
0 0.496841 0.432341 0.046029 0.044655
0 0.530235 0.443166 0.044224 0.040595
0 0.551895 0.460419 0.056859 0.041272
0 0.488267 0.462111 0.041516 0.027064
0 0.508123 0.486806 0.066787 0.038566
1 0.491426 0.577808 0.132671 0.148850
1 0.419224 0.686739 0.172383 0.159675
1 0.679152 0.850135 0.073105 0.080514
1 0.748646 0.867050 0.062274 0.054804
1 0.735560 0.908999 0.104693 0.053451
