0 0.649526 0.800090 0.060893 0.092960
0 0.610961 0.651625 0.055480 0.057762
0 0.466509 0.817690 0.075101 0.077617
0 0.540257 0.671480 0.046685 0.043321
0 0.466509 0.611011 0.049391 0.075812
0 0.443505 0.685018 0.048038 0.066787
0 0.396482 0.678249 0.039242 0.083935
0 0.508457 0.640794 0.049391 0.057762
0 0.852165 0.259025 0.073748 0.077617
0 0.758796 0.206679 0.073748 0.075812
0 0.744926 0.111462 0.063599 0.062274
0 0.635318 0.101534 0.056834 0.062274
0 0.522327 0.324458 0.067659 0.087545
0 0.613667 0.297834 0.078484 0.081227
0 0.478349 0.251805 0.051421 0.070397
0 0.528755 0.203520 0.054804 0.069495
0 0.574763 0.227888 0.041272 0.067690
0 0.617050 0.244585 0.050068 0.059567
0 0.623478 0.199458 0.061570 0.061372
0 0.669147 0.259025 0.066306 0.079422
