0 0.516915 0.539260 0.047361 0.058664
0 0.493911 0.554603 0.047361 0.058664
0 0.564614 0.542870 0.050744 0.065884
0 0.528417 0.602437 0.047361 0.058664
0 0.543978 0.625000 0.047361 0.058664
0 0.598106 0.604242 0.047361 0.058664
0 0.613667 0.540162 0.047361 0.058664
0 0.595399 0.646661 0.047361 0.058664
0 0.538566 0.673736 0.047361 0.058664
0 0.631258 0.721570 0.046008 0.076715
0 0.572057 0.820397 0.057510 0.068592
0 0.435724 0.709838 0.047361 0.058664
0 0.481732 0.759928 0.060893 0.064982
0 0.530447 0.740975 0.060893 0.064982
