0 0.460419 0.381318 0.057510 0.082130
0 0.537551 0.597924 0.057510 0.082130
0 0.374493 0.437274 0.057510 0.082130
0 0.468877 0.671931 0.048714 0.065884
0 0.446211 0.525271 0.030447 0.048736
0 0.369080 0.564531 0.057510 0.082130
0 0.427605 0.630866 0.067659 0.093863
0 0.556834 0.967058 0.048714 0.065884
0 0.527402 0.980596 0.043978 0.038809
0 0.462788 0.964350 0.048714 0.065884
0 0.508457 0.875451 0.046685 0.072202
0 0.545332 0.865975 0.048714 0.065884
0 0.602165 0.825361 0.048714 0.065884
0 0.516915 0.781137 0.048714 0.065884
0 0.598106 0.742329 0.048714 0.065884
0 0.792287 0.929152 0.048714 0.065884
0 0.745602 0.943592 0.048714 0.065884
0 0.728687 0.860560 0.048714 0.065884
0 0.675237 0.821751 0.048714 0.065884
0 0.630582 0.889892 0.062246 0.074007
0 0.604871 0.932762 0.048714 0.065884
0 0.034506 0.056408 0.048714 0.065884
0 0.058863 0.032942 0.048714 0.064079
