0 0.483085 0.578520 0.066306 0.070397
0 0.515223 0.466606 0.043978 0.052347
0 0.475304 0.255415 0.043978 0.052347
0 0.443505 0.268953 0.043978 0.052347
0 0.525034 0.401173 0.051421 0.083935
0 0.554465 0.406137 0.043978 0.052347
0 0.577131 0.402978 0.043302 0.065884
0 0.600812 0.392148 0.058187 0.080325
0 0.611299 0.446751 0.049391 0.059567
0 0.694181 0.458484 0.064953 0.074007
0 0.662382 0.444043 0.052774 0.059567
0 0.642760 0.521661 0.048714 0.064982
0 0.609946 0.510379 0.056157 0.065884
0 0.550406 0.500451 0.049391 0.056859
0 0.553451 0.553700 0.055480 0.062274
0 0.645129 0.286101 0.043978 0.052347
0 0.620095 0.292419 0.043978 0.052347
0 0.532138 0.256318 0.043978 0.052347
0 0.546346 0.243682 0.043978 0.052347
0 0.573410 0.255415 0.043978 0.052347
0 0.506428 0.238267 0.043978 0.052347
0 0.694520 0.349278 0.043978 0.052347
0 0.699932 0.311372 0.043978 0.052347
0 0.722260 0.317690 0.043978 0.052347
0 0.704668 0.272563 0.043978 0.052347
0 0.670162 0.287906 0.043978 0.052347
