0 0.668471 0.519856 0.044655 0.059567
0 0.647497 0.518953 0.044655 0.059567
0 0.646820 0.616426 0.044655 0.059567
0 0.560217 0.586643 0.044655 0.059567
0 0.585927 0.546029 0.044655 0.059567
0 0.608931 0.583032 0.044655 0.059567
0 0.626522 0.551444 0.044655 0.059567
0 0.705007 0.567690 0.044655 0.059567
0 0.615697 0.518953 0.044655 0.059567
0 0.771313 0.779783 0.044655 0.059567
0 0.767930 0.833032 0.044655 0.059567
0 0.755751 0.811372 0.044655 0.059567
0 0.801759 0.843863 0.044655 0.059567
0 0.797700 0.879061 0.044655 0.059567
0 0.763194 0.913357 0.044655 0.059567
0 0.626861 0.739621 0.033153 0.044224
0 0.612652 0.752256 0.033153 0.044224
0 0.601150 0.765794 0.033153 0.044224
0 0.595737 0.796480 0.033153 0.044224
