0 0.571719 0.931408 0.051421 0.075812
0 0.481055 0.904332 0.056834 0.068592
0 0.511502 0.858755 0.054127 0.056859
0 0.515223 0.808664 0.071042 0.081227
0 0.547023 0.754513 0.060217 0.064982
0 0.625846 0.822202 0.048714 0.064982
0 0.580853 0.833032 0.049391 0.063177
0 0.641746 0.785650 0.054804 0.065884
0 0.656292 0.741877 0.055480 0.074007
0 0.770636 0.721570 0.051421 0.055054
0 0.728011 0.677798 0.043302 0.070397
0 0.755413 0.654783 0.045332 0.069495
0 0.762517 0.615072 0.058187 0.062274
0 0.602503 0.710289 0.046685 0.077617
0 0.511164 0.730596 0.053451 0.067690
0 0.552774 0.666065 0.059540 0.059567
0 0.511502 0.639440 0.052774 0.058664
0 0.484100 0.648014 0.043978 0.055957
0 0.642760 0.613267 0.054127 0.062274
0 0.620095 0.662004 0.045332 0.067690
0 0.474966 0.730596 0.047361 0.058664
0 0.426590 0.728791 0.049391 0.060469
0 0.450947 0.702166 0.033153 0.064982
