0 0.342016 0.294675 0.049391 0.053249
0 0.398512 0.219314 0.032476 0.074007
0 0.355548 0.237816 0.033153 0.044224
0 0.286198 0.533845 0.052774 0.049639
0 0.371110 0.578520 0.045332 0.064982
0 0.343031 0.643051 0.043302 0.049639
0 0.323748 0.712094 0.045332 0.054152
0 0.286874 0.578069 0.041949 0.044224
0 0.297700 0.619134 0.047361 0.043321
0 0.273342 0.652978 0.058187 0.055054
0 0.487483 0.349729 0.042625 0.051444
0 0.556495 0.266245 0.037212 0.045126
0 0.557510 0.321751 0.037889 0.056859
0 0.523004 0.311372 0.035183 0.061372
0 0.663058 0.272563 0.029770 0.052347
0 0.679635 0.313628 0.030447 0.042419
0 0.652571 0.324007 0.030447 0.050542
0 0.614005 0.308664 0.034506 0.055957
