0 0.440798 0.680505 0.087280 0.095668
0 0.558187 0.628159 0.081191 0.092058
0 0.859269 0.533394 0.081191 0.088448
0 0.747294 0.535650 0.088633 0.096570
0 0.760487 0.445397 0.063599 0.067690
0 0.732409 0.343863 0.062923 0.070397
0 0.774019 0.368682 0.067659 0.073105
0 0.592693 0.331227 0.054127 0.083032
0 0.617388 0.276173 0.068336 0.074007
0 0.630920 0.533845 0.068336 0.082130
0 0.575101 0.504964 0.067659 0.074910
0 0.466847 0.404332 0.063599 0.066787
0 0.514208 0.508574 0.048714 0.076715
0 0.397497 0.541065 0.054804 0.080325
0 0.467862 0.556859 0.045332 0.074007
0 0.579838 0.395758 0.067659 0.067690
