0 0.484438 0.661101 0.044655 0.055054
0 0.694181 0.404783 0.044655 0.055054
0 0.628890 0.432310 0.057510 0.079422
0 0.746279 0.351083 0.060893 0.083032
0 0.668471 0.355144 0.044655 0.055054
0 0.633965 0.343412 0.044655 0.055054
0 0.594046 0.368682 0.044655 0.055054
0 0.552774 0.319946 0.044655 0.055054
0 0.617388 0.280235 0.053451 0.074910
0 0.586604 0.266697 0.044655 0.055054
0 0.509472 0.273917 0.044655 0.055054
0 0.516915 0.322202 0.055480 0.079422
0 0.480379 0.320397 0.054127 0.068592
0 0.438769 0.353791 0.052097 0.072202
0 0.429296 0.453069 0.054804 0.075812
0 0.349797 0.404783 0.036536 0.046029
0 0.417456 0.149819 0.031123 0.037906
0 0.380920 0.083032 0.027064 0.034296
0 0.211096 0.330776 0.044655 0.055054
0 0.261840 0.254061 0.044655 0.055054
0 0.369418 0.027978 0.044655 0.054152
0 0.294993 0.018953 0.043302 0.036101
0 0.242896 0.041065 0.044655 0.055054
0 0.399188 0.204874 0.031123 0.037906
0 0.328823 0.194043 0.031123 0.037906
0 0.305142 0.122744 0.031123 0.037906
0 0.382273 0.136282 0.031123 0.037906
0 0.337618 0.124549 0.031123 0.037906
0 0.347767 0.073105 0.031123 0.037906
0 0.437754 0.307762 0.031123 0.037906
0 0.404601 0.311372 0.031123 0.037906
0 0.420839 0.269856 0.031123 0.037906
0 0.469553 0.231949 0.031123 0.037906
0 0.454668 0.205776 0.031123 0.037906
0 0.443166 0.209386 0.031123 0.037906
0 0.466847 0.275271 0.031123 0.037906
0 0.672530 0.430957 0.044655 0.055054
0 0.674899 0.554603 0.049391 0.062274
0 0.598782 0.542870 0.044655 0.055054
0 0.599459 0.481498 0.044655 0.055054
0 0.556157 0.667419 0.044655 0.055054
0 0.567659 0.589801 0.044655 0.055054
0 0.532476 0.531137 0.044655 0.055054
0 0.485115 0.569946 0.048714 0.064079
0 0.765562 0.490975 0.048038 0.075812
0 0.734100 0.492329 0.044655 0.055054
