0 0.226658 0.429603 0.047361 0.043321
0 0.222260 0.398917 0.039919 0.039711
0 0.248647 0.384477 0.043978 0.052347
0 0.268268 0.361011 0.056157 0.045126
0 0.306495 0.292419 0.046008 0.055957
0 0.356563 0.319946 0.036536 0.046029
0 0.404601 0.425090 0.041949 0.057762
0 0.320365 0.429603 0.057510 0.055957
0 0.320704 0.499097 0.051421 0.055957
0 0.232409 0.498646 0.058863 0.058664
0 0.307848 0.547834 0.048714 0.059567
0 0.349797 0.562726 0.036536 0.049639
0 0.257104 0.608755 0.047361 0.051444
0 0.221245 0.666065 0.051421 0.052347
0 0.307172 0.797383 0.056834 0.064079
0 0.233085 0.813628 0.056157 0.037004
0 0.380920 0.847022 0.040595 0.046029
0 0.346752 0.645307 0.039919 0.055957
0 0.326116 0.642599 0.033829 0.055957
0 0.411705 0.652527 0.050744 0.052347
0 0.437077 0.561823 0.058187 0.069495
0 0.465832 0.640794 0.038566 0.054152
0 0.520298 0.682762 0.063599 0.073105
0 0.446888 0.483755 0.026387 0.052347
0 0.443166 0.337094 0.048714 0.073105
0 0.487145 0.336191 0.041949 0.065884
0 0.545670 0.324007 0.061570 0.086643
0 0.496279 0.464801 0.035859 0.025271
0 0.490866 0.513538 0.026387 0.037906
0 0.521313 0.592058 0.048038 0.066787
0 0.545332 0.550090 0.039242 0.024368
0 0.561908 0.583484 0.031800 0.049639
0 0.578146 0.652527 0.030447 0.036101
0 0.608593 0.567690 0.038566 0.028881
0 0.571380 0.490523 0.016915 0.026173
0 0.609608 0.484657 0.020298 0.025271
0 0.625169 0.527076 0.044655 0.054152
0 0.668471 0.518051 0.037889 0.041516
0 0.716847 0.538809 0.027740 0.034296
0 0.732409 0.442690 0.037212 0.046029
0 0.710419 0.462545 0.024357 0.035199
0 0.684709 0.459838 0.021651 0.029783
0 0.690798 0.406588 0.023004 0.033394
0 0.660014 0.392599 0.023681 0.046931
0 0.648850 0.416968 0.024357 0.039711
0 0.589648 0.061823 0.019621 0.024368
0 0.602503 0.074007 0.012855 0.027076
0 0.607916 0.048285 0.010149 0.013538
0 0.623478 0.051444 0.015562 0.019856
0 0.628890 0.029332 0.016915 0.027978
0 0.667118 0.035650 0.017591 0.035199
0 0.667456 0.096570 0.022327 0.023466
0 0.679973 0.059567 0.014885 0.027076
0 0.690460 0.072653 0.010149 0.017148
0 0.992896 0.292419 0.014208 0.027076
0 0.997632 0.034747 0.004736 0.017148
0 0.986806 0.033845 0.004736 0.013538
