0 0.015562 0.448556 0.029770 0.045126
0 0.335589 0.409747 0.044655 0.054152
0 0.462111 0.629061 0.044655 0.054152
0 0.397158 0.666968 0.044655 0.054152
0 0.399188 0.607401 0.044655 0.054152
0 0.461434 0.564079 0.044655 0.054152
0 0.388701 0.503610 0.046685 0.066787
0 0.362652 0.457581 0.044655 0.054152
0 0.451286 0.470217 0.044655 0.054152
0 0.479026 0.485108 0.054127 0.065884
0 0.505751 0.423285 0.052097 0.059567
0 0.392422 0.418773 0.044655 0.054152
0 0.427605 0.389892 0.044655 0.054152
0 0.402571 0.370939 0.044655 0.054152
0 0.426928 0.361011 0.044655 0.054152
0 0.449256 0.356498 0.050068 0.066787
0 0.489175 0.356498 0.044655 0.054152
0 0.620095 0.378610 0.062923 0.067690
0 0.585589 0.356047 0.065629 0.069495
0 0.544655 0.347473 0.044655 0.054152
0 0.559540 0.309567 0.044655 0.054152
0 0.504736 0.314079 0.044655 0.054152
0 0.521651 0.278881 0.044655 0.054152
0 0.432341 0.301444 0.044655 0.054152
0 0.445196 0.278881 0.044655 0.054152
0 0.784844 0.212094 0.044655 0.054152
0 0.834912 0.219314 0.044655 0.054152
0 0.880920 0.041516 0.044655 0.054152
0 0.906631 0.047834 0.044655 0.054152
0 0.730041 0.222924 0.044655 0.054152
