0 0.279432 0.488718 0.040595 0.049639
0 0.552774 0.406137 0.052774 0.095668
0 0.539919 0.373195 0.040595 0.049639
0 0.501353 0.646661 0.040595 0.049639
0 0.524357 0.752256 0.040595 0.049639
0 0.515900 0.691787 0.045332 0.062274
0 0.560893 0.634477 0.044655 0.063177
0 0.609608 0.578069 0.059540 0.067690
0 0.608254 0.538357 0.040595 0.049639
0 0.581867 0.521209 0.040595 0.049639
0 0.603518 0.440884 0.040595 0.049639
0 0.641407 0.460740 0.047361 0.055054
0 0.865359 0.750451 0.040595 0.049639
0 0.774696 0.689982 0.040595 0.049639
0 0.871448 0.673736 0.040595 0.049639
0 0.845061 0.590704 0.040595 0.049639
0 0.766576 0.612365 0.040595 0.049639
0 0.735453 0.558213 0.040595 0.049639
0 0.742219 0.486011 0.040595 0.049639
0 0.875507 0.531137 0.040595 0.049639
0 0.823410 0.475181 0.040595 0.049639
0 0.311231 0.384928 0.040595 0.049639
0 0.326793 0.322653 0.040595 0.049639
0 0.357240 0.500451 0.040595 0.049639
0 0.272666 0.548285 0.040595 0.049639
0 0.277402 0.600632 0.052774 0.058664
0 0.338972 0.587094 0.040595 0.049639
0 0.369418 0.363267 0.040595 0.049639
0 0.389039 0.316336 0.040595 0.049639
0 0.444520 0.285650 0.046008 0.074910
0 0.390392 0.617780 0.040595 0.049639
0 0.476996 0.505415 0.041949 0.070397
0 0.476996 0.449910 0.040595 0.049639
0 0.475643 0.351534 0.040595 0.049639
0 0.509134 0.452166 0.042625 0.055957
0 0.512179 0.533845 0.040595 0.049639
0 0.550744 0.486913 0.040595 0.049639
0 0.370095 0.432762 0.040595 0.049639
0 0.311908 0.445397 0.040595 0.049639
0 0.343708 0.401173 0.040595 0.049639
0 0.787551 0.346119 0.040595 0.049639
0 0.765223 0.315433 0.040595 0.049639
0 0.788227 0.291065 0.040595 0.049639
0 0.826116 0.410199 0.040595 0.049639
0 0.816644 0.309116 0.040595 0.049639
0 0.882273 0.421029 0.040595 0.049639
0 0.880920 0.389440 0.040595 0.049639
0 0.899188 0.345217 0.040595 0.049639
0 0.949932 0.426444 0.040595 0.049639
0 0.930988 0.365072 0.040595 0.049639
0 0.785859 0.425993 0.029093 0.034296
0 0.693505 0.376354 0.027064 0.037906
0 0.721245 0.358755 0.033829 0.037004
0 0.771313 0.396209 0.029770 0.034296
0 0.788904 0.374097 0.040595 0.049639
0 0.737483 0.335289 0.040595 0.049639
0 0.789242 0.443141 0.029093 0.034296
0 0.747294 0.438628 0.029093 0.034296
0 0.712111 0.428700 0.029093 0.034296
0 0.700609 0.424188 0.029093 0.034296
