0 0.354195 0.249097 0.038566 0.052347
0 0.093031 0.361913 0.038566 0.052347
0 0.119418 0.354693 0.038566 0.052347
0 0.274357 0.244134 0.029093 0.037004
0 0.549729 0.497292 0.038566 0.052347
0 0.470568 0.550542 0.038566 0.052347
0 0.465832 0.484657 0.038566 0.052347
0 0.736468 0.973827 0.038566 0.052347
0 0.408322 0.273466 0.038566 0.052347
0 0.332544 0.281137 0.033153 0.042419
0 0.329838 0.311372 0.038566 0.052347
0 0.510825 0.345217 0.048714 0.053249
0 0.514547 0.290614 0.038566 0.052347
0 0.574763 0.343863 0.038566 0.052347
0 0.545670 0.361462 0.046685 0.060469
0 0.510149 0.384477 0.054127 0.068592
0 0.376522 0.359206 0.038566 0.052347
0 0.352842 0.388087 0.045332 0.064982
0 0.333897 0.448556 0.038566 0.052347
0 0.276387 0.379061 0.038566 0.052347
0 0.244249 0.482401 0.054127 0.053249
0 0.260487 0.456679 0.050068 0.059567
0 0.393437 0.470217 0.038566 0.052347
0 0.560555 0.444946 0.060217 0.077617
0 0.655954 0.513538 0.054804 0.075812
0 0.626861 0.569495 0.062923 0.061372
0 0.594384 0.538809 0.048038 0.054152
0 0.572395 0.597924 0.043302 0.058664
0 0.592355 0.657942 0.038566 0.052347
0 0.512855 0.642148 0.046008 0.060469
0 0.521313 0.744585 0.038566 0.052347
0 0.445535 0.787004 0.038566 0.052347
0 0.443505 0.850181 0.038566 0.052347
0 0.466509 0.868231 0.038566 0.052347
0 0.848106 0.907942 0.038566 0.052347
0 0.752706 0.796931 0.038566 0.052347
0 0.720230 0.757220 0.038566 0.052347
0 0.717524 0.705776 0.038566 0.052347
0 0.806834 0.711191 0.038566 0.052347
0 0.864682 0.761282 0.040595 0.056859
0 0.812246 0.877256 0.038566 0.052347
0 0.846076 0.956679 0.038566 0.052347
0 0.044655 0.355596 0.021651 0.036101
0 0.066644 0.351986 0.020974 0.034296
0 0.677605 0.434567 0.029093 0.037004
0 0.699932 0.441787 0.029093 0.037004
0 0.695873 0.428249 0.029093 0.037004
0 0.720907 0.421931 0.029093 0.037004
0 0.709405 0.405686 0.029093 0.037004
0 0.669486 0.456227 0.029093 0.037004
