0 0.314614 0.481498 0.046008 0.056859
0 0.365020 0.543773 0.037212 0.047834
0 0.346414 0.509025 0.035183 0.039711
0 0.366712 0.482852 0.033829 0.039711
0 0.392084 0.412004 0.030447 0.026173
0 0.418471 0.423736 0.030447 0.035199
0 0.415765 0.446300 0.031800 0.042419
0 0.461434 0.408394 0.027064 0.033394
0 0.476658 0.461643 0.025034 0.049639
0 0.465832 0.496390 0.025034 0.037906
0 0.474628 0.548285 0.049391 0.056859
0 0.546008 0.476986 0.039242 0.071300
0 0.427605 0.787004 0.029770 0.036101
0 0.405277 0.823556 0.017591 0.042419
0 0.018606 0.510379 0.014208 0.027978
0 0.050744 0.516245 0.017591 0.036101
0 0.188769 0.683664 0.016238 0.024368
0 0.133627 0.685018 0.023681 0.036101
0 0.249662 0.777076 0.027064 0.045126
0 0.171177 0.858303 0.029770 0.030686
0 0.127876 0.630415 0.018945 0.026173
0 0.161367 0.644856 0.014208 0.015343
0 0.222260 0.211191 0.016915 0.027076
0 0.210419 0.233303 0.028417 0.027978
0 0.225304 0.283845 0.017591 0.020758
0 0.246955 0.304152 0.021651 0.025271
0 0.266576 0.400722 0.021651 0.032491
0 0.286874 0.399368 0.014885 0.011733
0 0.289919 0.420578 0.022327 0.021661
0 0.895805 0.051895 0.024357 0.031588
0 0.869418 0.028881 0.024357 0.028881
0 0.848106 0.020758 0.015562 0.021661
0 0.789919 0.130866 0.014208 0.023466
