0 0.154263 0.295578 0.056834 0.060469
0 0.143437 0.451715 0.056834 0.060469
0 0.100474 0.375903 0.064276 0.076715
0 0.132612 0.361462 0.056834 0.060469
0 0.204330 0.436372 0.056834 0.060469
0 0.255751 0.384025 0.056834 0.060469
0 0.211096 0.335289 0.056834 0.060469
0 0.294993 0.325812 0.069012 0.086643
0 0.479364 0.458484 0.068336 0.092058
0 0.437754 0.364170 0.063599 0.078520
0 0.505413 0.323556 0.056834 0.060469
0 0.525710 0.288357 0.056834 0.060469
0 0.554127 0.335289 0.056834 0.060469
0 0.550068 0.470668 0.056834 0.060469
0 0.688092 0.608755 0.031123 0.046029
0 0.666103 0.596119 0.037212 0.042419
0 0.698241 0.553700 0.032476 0.042419
0 0.731394 0.556408 0.033829 0.047834
0 0.671177 0.546029 0.037889 0.046931
0 0.611637 0.499549 0.066306 0.076715
0 0.615020 0.335740 0.056834 0.072202
0 0.983085 0.485108 0.031123 0.055054
0 0.981394 0.439079 0.037212 0.058664
0 0.940460 0.487816 0.056834 0.060469
0 0.947903 0.416516 0.056834 0.060469
0 0.941137 0.370487 0.055480 0.094765
0 0.014208 0.107852 0.027064 0.044224
