0 0.550744 0.538357 0.054127 0.067690
0 0.469892 0.629513 0.057510 0.082130
0 0.492896 0.723375 0.057510 0.082130
0 0.486806 0.810921 0.057510 0.082130
0 0.440122 0.863267 0.057510 0.082130
0 0.723275 0.675090 0.043302 0.063177
1 0.150203 0.204422 0.146143 0.166968
1 0.288227 0.146661 0.133965 0.157942
1 0.355210 0.081227 0.119080 0.124549
1 0.219553 0.082581 0.085927 0.100181
1 0.736468 0.055957 0.121110 0.101083
1 0.496279 0.475181 0.095399 0.107401
1 0.439445 0.567238 0.127876 0.147112
1 0.606563 0.510830 0.102165 0.126354
1 0.630920 0.592058 0.092693 0.120939
1 0.572733 0.879513 0.061570 0.107401
1 0.553451 0.961643 0.062246 0.076715
1 0.504736 0.959838 0.058187 0.080325
1 0.683356 0.976534 0.055480 0.046931
1 0.608593 0.087094 0.087280 0.092960
