0 0.456022 0.546029 0.056834 0.070397
0 0.622463 0.420578 0.056834 0.070397
0 0.622801 0.384477 0.094046 0.095668
0 0.644114 0.574910 0.086604 0.113718
0 0.539919 0.495487 0.056834 0.070397
0 0.540257 0.346119 0.057510 0.087545
0 0.497970 0.408845 0.056834 0.070397
0 0.461434 0.398917 0.056834 0.070397
0 0.437077 0.456227 0.060893 0.074910
0 0.032476 0.148014 0.056834 0.070397
0 0.115020 0.124549 0.056834 0.070397
0 0.207375 0.152076 0.073748 0.082130
0 0.155616 0.047834 0.056834 0.070397
0 0.083559 0.020307 0.060217 0.038809
0 0.255074 0.444946 0.056834 0.070397
