0 0.255413 0.827617 0.102165 0.095668
0 0.451286 0.794675 0.089310 0.109206
0 0.313938 0.572202 0.079838 0.088448
0 0.395467 0.506318 0.060217 0.102888
0 0.432341 0.276625 0.090663 0.111011
0 0.358593 0.140794 0.082544 0.108303
0 0.524696 0.234657 0.069689 0.099278
0 0.940122 0.582581 0.107578 0.139892
0 0.747294 0.403881 0.072395 0.100181
0 0.950947 0.439531 0.087280 0.092058
1 0.750000 0.699007 0.255074 0.286101
1 0.592355 0.633123 0.180650 0.215704
1 0.514885 0.452617 0.144790 0.233755
1 0.622801 0.315884 0.107578 0.158845
1 0.615359 0.429603 0.125169 0.216606
