1 0.430988 0.197202 0.089310 0.116426
1 0.573072 0.391697 0.075778 0.151625
0 0.552097 0.180054 0.067659 0.094765
0 0.745264 0.310469 0.045332 0.070397
0 0.791949 0.346570 0.039919 0.061372
0 0.787212 0.383123 0.043978 0.040614
0 0.755751 0.429603 0.050068 0.057762
0 0.792625 0.450361 0.045332 0.037906
0 0.788566 0.417870 0.046685 0.037906
0 0.602503 0.302347 0.066982 0.068592
0 0.613667 0.442690 0.060893 0.056859
0 0.283153 0.472473 0.037212 0.040614
0 0.314614 0.458935 0.036536 0.046029
0 0.348106 0.489170 0.034506 0.045126
0 0.336265 0.564079 0.039242 0.054152
0 0.371786 0.559567 0.037212 0.048736
1 0.540595 0.748195 0.067659 0.131769
1 0.573072 0.686823 0.056834 0.079422
0 0.607916 0.759025 0.053451 0.052347
1 0.622124 0.800542 0.049391 0.090253
0 0.570027 0.808213 0.056157 0.080325
0 0.513532 0.864170 0.039242 0.056859
0 0.268945 0.777978 0.049391 0.050542
0 0.285859 0.873646 0.050744 0.048736
0 0.293640 0.908394 0.043302 0.058664
0 0.210758 0.922383 0.053451 0.063177
0 0.100812 0.898917 0.052774 0.072202
0 0.046008 0.850632 0.052774 0.058664
1 0.043978 0.965704 0.086604 0.068592
1 0.128214 0.975632 0.061570 0.048736
