0 0.582544 0.292419 0.043302 0.059567
0 0.543640 0.301895 0.043978 0.074910
0 0.484438 0.338448 0.043302 0.059567
0 0.439107 0.420126 0.048714 0.065884
0 0.585250 0.372744 0.043302 0.059567
0 0.673884 0.342960 0.048714 0.068592
0 0.731732 0.338899 0.060217 0.078520
0 0.725981 0.392599 0.070365 0.074007
0 0.619080 0.397563 0.046008 0.074910
0 0.549729 0.498646 0.050744 0.074910
0 0.649526 0.488267 0.043302 0.059567
0 0.608931 0.536101 0.043302 0.059567
0 0.549729 0.596570 0.045332 0.064982
0 0.522327 0.532491 0.043302 0.059567
0 0.481055 0.550542 0.043302 0.059567
0 0.476658 0.612816 0.049391 0.059567
0 0.492558 0.630866 0.043302 0.059567
0 0.583897 0.670578 0.050068 0.072202
0 0.479026 0.378159 0.043302 0.059567
0 0.501353 0.319946 0.058187 0.073105
