0 0.077131 0.601986 0.037889 0.039711
0 0.041949 0.633574 0.037889 0.039711
0 0.055480 0.605596 0.037889 0.039711
0 0.066982 0.648014 0.037889 0.039711
0 0.406631 0.620036 0.037889 0.039711
0 0.564276 0.452166 0.037889 0.055957
0 0.569012 0.419675 0.037889 0.039711
0 0.586942 0.424188 0.039919 0.048736
0 0.616373 0.435921 0.037889 0.039711
0 0.650880 0.460289 0.037889 0.039711
0 0.646143 0.515343 0.037889 0.039711
0 0.654939 0.566787 0.037889 0.039711
0 0.612314 0.593863 0.037889 0.039711
0 0.604533 0.626805 0.039919 0.046029
0 0.655616 0.592960 0.037889 0.039711
0 0.649526 0.647563 0.046008 0.047834
0 0.769959 0.431408 0.029770 0.034296
0 0.787551 0.443592 0.028417 0.033394
0 0.792963 0.420578 0.029770 0.036101
0 0.420839 0.553700 0.040595 0.046029
0 0.019283 0.345668 0.037212 0.039711
0 0.011502 0.310469 0.021651 0.039711
0 0.014547 0.288357 0.027740 0.047834
0 0.465494 0.534296 0.037889 0.039711
0 0.512855 0.457581 0.037889 0.039711
0 0.487483 0.466606 0.034506 0.046931
0 0.446888 0.467509 0.039919 0.054152
0 0.477673 0.427798 0.037889 0.039711
0 0.497970 0.395307 0.037889 0.039711
0 0.514885 0.410650 0.037889 0.039711
0 0.529770 0.416065 0.037889 0.039711
