0 0.600812 0.524368 0.052774 0.074007
0 0.410014 0.561372 0.052774 0.074007
0 0.453992 0.546931 0.052774 0.074007
0 0.591001 0.627708 0.066982 0.087545
0 0.639039 0.634477 0.068336 0.074007
0 0.640054 0.526173 0.052774 0.074007
0 0.653586 0.504513 0.052774 0.074007
0 0.379229 0.622744 0.033153 0.043321
0 0.865697 0.310018 0.039919 0.060469
0 0.884980 0.290614 0.037889 0.055957
0 0.983085 0.261733 0.033829 0.063177
0 0.848782 0.451264 0.033153 0.043321
0 0.874493 0.410650 0.033153 0.043321
0 0.934709 0.372744 0.033153 0.043321
0 0.890731 0.362816 0.033153 0.043321
0 0.400880 0.661552 0.033153 0.043321
