0 0.137348 0.773917 0.055480 0.065884
0 0.177267 0.800993 0.028417 0.026173
0 0.172192 0.912906 0.060217 0.058664
0 0.242558 0.856047 0.065629 0.064079
0 0.252030 0.689531 0.042625 0.054152
0 0.297361 0.662455 0.037212 0.061372
0 0.372463 0.703971 0.069689 0.088448
0 0.253045 0.458935 0.069012 0.078520
0 0.362652 0.424639 0.035183 0.047834
0 0.432003 0.461191 0.085927 0.083032
0 0.486130 0.374549 0.041272 0.052347
0 0.529093 0.506769 0.073072 0.073105
0 0.628890 0.626354 0.058863 0.075812
0 0.716171 0.714350 0.069689 0.071300
0 0.706360 0.556408 0.056834 0.064079
0 0.669486 0.444946 0.069689 0.064982
1 0.552097 0.412004 0.069012 0.101986
1 0.583221 0.582581 0.078484 0.101986
1 0.599459 0.706227 0.078484 0.092960
0 0.773681 0.138538 0.035859 0.031588
0 0.561908 0.044675 0.031800 0.027978
0 0.556495 0.087545 0.025034 0.032491
0 0.646482 0.105596 0.023681 0.030686
0 0.705345 0.059116 0.030447 0.027978
0 0.722260 0.086191 0.020974 0.017148
0 0.678281 0.118231 0.016915 0.025271
0 0.705345 0.112365 0.019621 0.024368
