0 0.490866 0.530686 0.035859 0.066787
0 0.459066 0.490072 0.033153 0.052347
0 0.481055 0.445848 0.032476 0.052347
0 0.532476 0.426444 0.029770 0.042419
0 0.535183 0.467058 0.035183 0.038809
0 0.508119 0.472022 0.027064 0.036101
0 0.568336 0.476083 0.020298 0.033394
0 0.550744 0.524819 0.028417 0.053249
0 0.582882 0.489621 0.018268 0.047834
0 0.607240 0.478339 0.026387 0.034296
0 0.621448 0.532040 0.037212 0.044224
0 0.640054 0.518051 0.020298 0.034296
0 0.673545 0.536101 0.045332 0.045126
0 0.609946 0.588448 0.054804 0.054152
0 0.566306 0.790614 0.023004 0.045126
0 0.594046 0.804603 0.017591 0.040614
0 0.525034 0.795126 0.018945 0.034296
0 0.494249 0.803700 0.020974 0.024368
0 0.481055 0.832130 0.032476 0.046931
0 0.496955 0.891245 0.026387 0.035199
0 0.547361 0.897112 0.029770 0.030686
0 0.534506 0.844314 0.021651 0.027978
0 0.412043 0.944043 0.008119 0.018051
0 0.380582 0.930957 0.014208 0.011733
0 0.383288 0.916516 0.008796 0.011733
0 0.362652 0.904783 0.013532 0.026173
0 0.333221 0.916516 0.012855 0.017148
0 0.334912 0.802347 0.012179 0.019856
0 0.362314 0.789260 0.014208 0.022563
0 0.362652 0.749549 0.013532 0.015343
0 0.358931 0.724278 0.014208 0.020758
0 0.346076 0.750903 0.011502 0.012635
0 0.334235 0.719314 0.010825 0.016245
0 0.332206 0.736913 0.014885 0.018953
0 0.336942 0.773466 0.014885 0.021661
0 0.304465 0.732401 0.010825 0.013538
0 0.310893 0.754061 0.015562 0.022563
0 0.243572 0.717960 0.014885 0.018953
0 0.249662 0.734657 0.012179 0.014440
0 0.269621 0.756769 0.011502 0.017148
0 0.247970 0.773917 0.015562 0.026173
0 0.230041 0.777076 0.014885 0.018051
0 0.207375 0.787906 0.018268 0.014440
0 0.272666 0.886733 0.009472 0.009928
0 0.265900 0.878159 0.005413 0.007220
0 0.231055 0.897112 0.012855 0.016245
0 0.239851 0.909747 0.007442 0.003610
0 0.242219 0.926444 0.012179 0.011733
0 0.262855 0.921480 0.003383 0.007220
0 0.131258 0.917870 0.013532 0.018051
0 0.132950 0.954422 0.010149 0.017148
0 0.146143 0.969765 0.009472 0.013538
0 0.140731 0.986011 0.014885 0.015343
0 0.112991 0.937726 0.009472 0.018051
0 0.111299 0.957130 0.014208 0.011733
0 0.104533 0.975632 0.008796 0.012635
0 0.071042 0.990523 0.018945 0.018953
0 0.086604 0.940433 0.010825 0.016245
0 0.094046 0.932310 0.013532 0.012635
0 0.208390 0.474729 0.014885 0.016245
0 0.221922 0.462094 0.017591 0.014440
0 0.207375 0.443592 0.016915 0.020758
0 0.046685 0.301444 0.014885 0.016245
0 0.034844 0.249097 0.016915 0.016245
0 0.043978 0.239170 0.013532 0.016245
0 0.060217 0.256318 0.014885 0.016245
0 0.075778 0.240072 0.021651 0.021661
0 0.062923 0.030686 0.017591 0.016245
0 0.094046 0.004513 0.013532 0.007220
0 0.039242 0.007220 0.013532 0.009025
0 0.122124 0.041968 0.022327 0.031588
0 0.847091 0.177798 0.008119 0.010830
0 0.906631 0.124549 0.001353 0.009025
0 0.916779 0.134477 0.008119 0.010830
0 0.915765 0.078971 0.006089 0.017148
0 0.880244 0.074458 0.006766 0.009928
0 0.880582 0.053700 0.006089 0.009928
0 0.893099 0.060921 0.006766 0.006318
0 0.890054 0.045126 0.008796 0.009025
0 0.932679 0.245939 0.007442 0.009928
0 0.555819 0.020758 0.012855 0.018051
0 0.499662 0.009477 0.008796 0.017148
0 0.506766 0.015343 0.014885 0.014440
0 0.530108 0.014892 0.007442 0.011733
0 0.540934 0.006318 0.018268 0.010830
0 0.485115 0.080776 0.014885 0.015343
0 0.481394 0.023466 0.010149 0.016245
