0 0.413396 0.214350 0.040595 0.040614
0 0.300068 0.310469 0.042625 0.052347
0 0.346414 0.351986 0.035183 0.030686
0 0.367050 0.284296 0.026387 0.052347
0 0.393099 0.290162 0.028417 0.026173
0 0.463126 0.265794 0.023681 0.056859
0 0.488836 0.238267 0.031800 0.054152
0 0.513870 0.324007 0.042625 0.054152
0 0.374154 0.436372 0.040595 0.056859
0 0.442490 0.410650 0.028417 0.043321
0 0.401894 0.501805 0.028417 0.036101
0 0.422192 0.544675 0.029770 0.031588
0 0.382950 0.580325 0.037889 0.039711
0 0.414411 0.644404 0.042625 0.059567
0 0.388363 0.685921 0.033829 0.028881
0 0.497970 0.636282 0.050068 0.075812
0 0.497294 0.532942 0.033829 0.040614
0 0.566306 0.495939 0.033829 0.047834
0 0.542963 0.506769 0.019621 0.026173
0 0.560217 0.537455 0.021651 0.026173
0 0.590325 0.603791 0.031800 0.045126
0 0.463126 0.810921 0.030447 0.035199
0 0.464817 0.848827 0.023004 0.026173
0 0.481055 0.879513 0.023004 0.040614
0 0.471245 0.902076 0.020974 0.033394
0 0.412382 0.864170 0.025034 0.024368
0 0.402571 0.890343 0.027064 0.024368
0 0.385656 0.921480 0.028417 0.037906
0 0.557510 0.945397 0.040595 0.056859
0 0.568336 0.861462 0.027064 0.033394
0 0.513870 0.745487 0.025034 0.037906
0 0.519283 0.859657 0.025034 0.033394
0 0.621448 0.832130 0.019621 0.030686
0 0.403924 0.843863 0.017591 0.018051
0 0.377199 0.841606 0.008796 0.009928
0 0.358931 0.838899 0.015562 0.022563
0 0.344723 0.862365 0.010149 0.017148
0 0.354533 0.898917 0.010825 0.014440
0 0.375507 0.880866 0.012179 0.016245
