0 0.502030 0.721119 0.066306 0.088448
0 0.530447 0.582130 0.066306 0.088448
0 0.544317 0.521209 0.081867 0.109206
0 0.660352 0.485560 0.062246 0.083032
0 0.626522 0.620939 0.067659 0.090253
0 0.724628 0.586643 0.067659 0.090253
0 0.753045 0.658845 0.078484 0.104693
0 0.684709 0.734657 0.063599 0.084838
0 0.109608 0.325812 0.037889 0.050542
0 0.123816 0.373646 0.051421 0.068592
0 0.084235 0.442690 0.041272 0.055054
0 0.024019 0.446751 0.042625 0.057762
0 0.040257 0.351083 0.035859 0.048736
0 0.020298 0.381318 0.036536 0.049639
