1 0.531800 0.486462 0.085250 0.095668
1 0.620771 0.471119 0.060217 0.074007
1 0.671516 0.518953 0.037212 0.097473
1 0.628552 0.547834 0.051421 0.090253
1 0.594046 0.597924 0.096076 0.132671
1 0.689445 0.616877 0.062246 0.123646
0 0.442490 0.101986 0.025710 0.028881
0 0.424899 0.077166 0.021651 0.026173
0 0.412382 0.020758 0.022327 0.028881
0 0.432679 0.010379 0.015562 0.018953
0 0.448917 0.053249 0.008796 0.018051
0 0.461434 0.055957 0.010825 0.012635
0 0.463802 0.083935 0.023681 0.023466
0 0.488498 0.084386 0.013532 0.027978
0 0.480717 0.042870 0.015562 0.020758
0 0.480717 0.016245 0.019621 0.030686
0 0.272327 0.472022 0.018268 0.012635
0 0.255413 0.490975 0.018268 0.014440
0 0.221922 0.488718 0.014885 0.017148
0 0.232747 0.499549 0.014885 0.013538
0 0.226658 0.532942 0.017591 0.022563
0 0.258457 0.526625 0.014885 0.017148
0 0.229026 0.578069 0.012855 0.013538
0 0.221245 0.593412 0.016238 0.017148
0 0.035859 0.732852 0.014885 0.014440
0 0.048714 0.715704 0.016238 0.009025
0 0.007442 0.734657 0.012179 0.019856
0 0.023681 0.763087 0.021651 0.017148
0 0.010487 0.818141 0.016915 0.022563
0 0.014547 0.881318 0.015562 0.020758
0 0.125169 0.901173 0.016238 0.020758
0 0.135318 0.934567 0.021651 0.027978
0 0.584912 0.328069 0.008796 0.013538
0 0.588972 0.340704 0.008796 0.011733
0 0.597429 0.337094 0.010825 0.011733
0 0.569689 0.345668 0.012179 0.019856
0 0.553112 0.347924 0.011502 0.018953
0 0.578146 0.370487 0.008796 0.006318
0 0.572733 0.389440 0.011502 0.015343
0 0.575440 0.405686 0.008796 0.011733
0 0.606563 0.355596 0.007442 0.007220
0 0.597091 0.378159 0.010149 0.018051
0 0.608593 0.135830 0.012855 0.015343
0 0.618065 0.135379 0.004736 0.007220
0 0.630582 0.126805 0.008119 0.009928
0 0.630582 0.148917 0.012179 0.010830
0 0.643437 0.141697 0.008119 0.009025
0 0.650203 0.134025 0.008119 0.009928
0 0.667118 0.155686 0.010825 0.020758
0 0.673207 0.199458 0.010825 0.014440
0 0.694181 0.193592 0.017591 0.020758
0 0.683356 0.154332 0.008119 0.012635
0 0.686739 0.121390 0.010825 0.013538
0 0.701962 0.161101 0.006089 0.011733
0 0.687077 0.085289 0.016915 0.022563
0 0.705007 0.066336 0.008119 0.015343
0 0.714479 0.070397 0.006766 0.010830
0 0.712788 0.094765 0.015562 0.019856
0 0.739513 0.058213 0.012179 0.022563
0 0.729702 0.091155 0.007442 0.014440
0 0.738498 0.101534 0.015562 0.011733
0 0.751015 0.081679 0.013532 0.018953
0 0.768268 0.121841 0.016915 0.018051
0 0.779093 0.100632 0.018268 0.018953
0 0.769621 0.091155 0.011502 0.028881
0 0.778755 0.069946 0.013532 0.017148
0 0.338972 0.423736 0.010825 0.013538
0 0.346076 0.410199 0.011502 0.017148
0 0.351150 0.451715 0.012179 0.022563
0 0.369756 0.431408 0.007442 0.010830
0 0.356225 0.419675 0.008796 0.010830
