1 0.151556 0.588899 0.120433 0.166968
1 0.354871 0.561823 0.135995 0.186823
1 0.338295 0.288809 0.128552 0.124549
1 0.538227 0.630415 0.173884 0.204874
1 0.436062 0.656588 0.084574 0.203069
1 0.425913 0.444043 0.125169 0.180505
1 0.400541 0.363267 0.101488 0.092960
1 0.762179 0.356498 0.156292 0.176895
1 0.664750 0.230596 0.126522 0.100181
0 0.252030 0.507220 0.065629 0.104693
0 0.301759 0.393051 0.058187 0.087545
0 0.501353 0.357852 0.073072 0.080325
0 0.623816 0.483755 0.096076 0.079422
0 0.647158 0.305054 0.069689 0.083032
0 0.403248 0.782040 0.081191 0.078520
0 0.322057 0.814982 0.075778 0.077617
0 0.738498 0.682762 0.114344 0.118231
0 0.183694 0.356047 0.079161 0.085740
0 0.101150 0.370036 0.064276 0.070397
