0 0.365359 0.453069 0.023004 0.021661
0 0.365697 0.485560 0.031800 0.037906
0 0.389716 0.483755 0.024357 0.036101
0 0.339986 0.480144 0.026387 0.034296
0 0.330514 0.502256 0.042625 0.044224
0 0.412043 0.519856 0.039242 0.043321
0 0.814614 0.441787 0.032476 0.044224
0 0.858931 0.481498 0.027740 0.037004
0 0.872801 0.467509 0.033829 0.043321
0 0.908660 0.479693 0.037889 0.049639
0 0.846076 0.524368 0.023681 0.052347
0 0.878552 0.520307 0.033153 0.044224
0 0.765562 0.476534 0.030447 0.048736
0 0.792287 0.486913 0.029770 0.040614
0 0.883627 0.583484 0.039242 0.037004
