0 0.196888 0.397112 0.039242 0.045126
0 0.262855 0.302347 0.035859 0.050542
0 0.290257 0.341606 0.033829 0.038809
0 0.233762 0.490072 0.048038 0.050542
0 0.298376 0.457130 0.035183 0.040614
0 0.338295 0.490072 0.033829 0.045126
0 0.357240 0.556859 0.039242 0.045126
0 0.398173 0.341606 0.029093 0.038809
0 0.441813 0.287004 0.037889 0.057762
0 0.485453 0.308213 0.042625 0.056859
0 0.442828 0.431859 0.042625 0.051444
0 0.488836 0.372292 0.035859 0.047834
0 0.536198 0.414260 0.026387 0.036101
0 0.503383 0.442238 0.046008 0.045126
0 0.560893 0.535199 0.044655 0.050542
0 0.521989 0.554152 0.037212 0.054152
0 0.410690 0.606498 0.028417 0.030686
0 0.465832 0.668321 0.025034 0.026173
0 0.521989 0.690884 0.015562 0.018953
0 0.535521 0.738267 0.025034 0.028881
0 0.453315 0.765343 0.035183 0.030686
0 0.479364 0.767599 0.019621 0.026173
0 0.442828 0.726534 0.025034 0.028881
0 0.448917 0.673285 0.019621 0.030686
0 0.412382 0.708935 0.018268 0.026173
0 0.337618 0.757220 0.024357 0.032491
0 0.183694 0.849729 0.023681 0.027978
0 0.158660 0.751354 0.030447 0.020758
0 0.288566 0.666968 0.030447 0.028881
