0 0.269621 0.221570 0.073748 0.082130
0 0.253045 0.319946 0.066306 0.078520
0 0.356901 0.236462 0.054804 0.066787
0 0.421177 0.285199 0.054804 0.095668
0 0.358254 0.278881 0.062923 0.074007
0 0.596752 0.555957 0.071719 0.086643
0 0.733762 0.523014 0.081867 0.123646
0 0.813261 0.468412 0.069012 0.066787
0 0.860622 0.499549 0.051421 0.085740
0 0.824087 0.551444 0.087957 0.075812
0 0.885656 0.538809 0.066306 0.090253
0 0.799053 0.638087 0.077131 0.111913
0 0.650541 0.641697 0.083221 0.084838
0 0.574763 0.787906 0.099459 0.104693
0 0.960081 0.844765 0.079838 0.115523
0 0.371786 0.703520 0.076455 0.076715
0 0.957713 0.953069 0.083221 0.093863
0 0.358931 0.651173 0.058863 0.053249
