0 0.406631 0.661101 0.058187 0.062274
0 0.621110 0.560018 0.058187 0.062274
0 0.687077 0.487365 0.037212 0.057762
0 0.665088 0.466155 0.064953 0.065884
0 0.598106 0.431859 0.058187 0.062274
0 0.365359 0.587996 0.058187 0.062274
0 0.414750 0.555505 0.058187 0.062274
0 0.396482 0.506769 0.058187 0.062274
0 0.436401 0.462545 0.058187 0.062274
0 0.517591 0.475181 0.058187 0.062274
0 0.514885 0.385830 0.058187 0.062274
0 0.463464 0.403881 0.058187 0.062274
0 0.753045 0.614170 0.058187 0.062274
0 0.589986 0.583484 0.058187 0.062274
0 0.653586 0.644856 0.058187 0.062274
0 0.029093 0.189079 0.035183 0.037004
0 0.017930 0.176444 0.034506 0.037004
0 0.042625 0.238718 0.035183 0.037004
0 0.807848 0.419224 0.035183 0.037004
0 0.823410 0.361462 0.035183 0.037004
0 0.855210 0.348827 0.035183 0.037004
0 0.795670 0.384025 0.035183 0.037004
0 0.787551 0.361462 0.035183 0.037004
0 0.820027 0.320848 0.035183 0.037004
0 0.832882 0.403881 0.035183 0.037004
0 0.768606 0.408394 0.035183 0.037004
0 0.762517 0.370487 0.035183 0.037004
0 0.333559 0.018953 0.035183 0.036101
0 0.380244 0.079874 0.035183 0.037004
0 0.379567 0.038357 0.035183 0.037004
0 0.363329 0.020307 0.035183 0.037004
0 0.524357 0.225181 0.035183 0.037004
0 0.520974 0.194495 0.035183 0.037004
0 0.506766 0.177347 0.035183 0.037004
0 0.478011 0.171029 0.037212 0.047834
0 0.905954 0.018953 0.035183 0.036101
0 0.872124 0.018953 0.035183 0.036101
0 0.257104 0.236913 0.035183 0.037004
0 0.301083 0.219765 0.035183 0.037004
0 0.307848 0.196300 0.035183 0.037004
0 0.265900 0.185469 0.035183 0.037004
0 0.294993 0.175542 0.035183 0.037004
0 0.322057 0.169224 0.035183 0.037004
0 0.280785 0.145758 0.035183 0.037004
0 0.288904 0.023014 0.035183 0.037004
0 0.119080 0.443592 0.035183 0.037004
0 0.142760 0.477888 0.035183 0.037004
0 0.225304 0.213448 0.035183 0.037004
0 0.236130 0.177347 0.035183 0.037004
0 0.102842 0.514892 0.035183 0.037004
0 0.091340 0.473375 0.035183 0.037004
0 0.098782 0.439982 0.035183 0.037004
0 0.048714 0.500451 0.035183 0.037004
0 0.047361 0.465253 0.035183 0.037004
0 0.041949 0.340704 0.035183 0.037004
0 0.045332 0.305505 0.035183 0.037004
0 0.063599 0.305957 0.035183 0.037906
0 0.033153 0.290162 0.035183 0.037004
0 0.073072 0.274819 0.035183 0.037004
0 0.054127 0.260379 0.035183 0.037004
0 0.017930 0.318141 0.034506 0.037004
0 0.063599 0.323556 0.035183 0.037004
