0 0.601488 0.475632 0.040595 0.046931
0 0.162720 0.244585 0.027740 0.036101
0 0.586604 0.544224 0.040595 0.046931
0 0.537212 0.562274 0.040595 0.046931
0 0.568336 0.503610 0.040595 0.046931
0 0.515562 0.529783 0.040595 0.046931
0 0.533829 0.502708 0.040595 0.046931
0 0.559540 0.475632 0.040595 0.046931
0 0.606563 0.093863 0.027740 0.036101
0 0.637686 0.081227 0.027740 0.036101
0 0.614005 0.064982 0.027740 0.036101
0 0.927943 0.045126 0.027740 0.036101
0 0.949594 0.036101 0.027740 0.036101
0 0.961773 0.018051 0.027740 0.034296
0 0.984438 0.034296 0.027064 0.028881
0 0.367050 0.202166 0.027740 0.036101
0 0.578146 0.295126 0.027740 0.036101
0 0.593031 0.276173 0.027740 0.036101
0 0.623478 0.283394 0.027740 0.036101
0 0.589648 0.111913 0.027740 0.036101
0 0.574763 0.088448 0.027740 0.036101
0 0.343369 0.214801 0.027740 0.036101
0 0.266238 0.223827 0.027740 0.036101
0 0.285183 0.205776 0.027740 0.036101
0 0.154601 0.265343 0.027740 0.036101
