0 0.537551 0.623195 0.034506 0.040614
0 0.579838 0.660650 0.032476 0.041516
0 0.652909 0.452166 0.032476 0.041516
0 0.614344 0.589350 0.032476 0.041516
0 0.617727 0.635379 0.032476 0.041516
0 0.715156 0.513538 0.032476 0.041516
0 0.691475 0.517148 0.032476 0.041516
0 0.735453 0.475632 0.032476 0.041516
0 0.728687 0.440433 0.032476 0.041516
0 0.690798 0.477437 0.032476 0.041516
0 0.658322 0.535199 0.032476 0.041516
0 0.676590 0.608303 0.032476 0.041516
0 0.728011 0.608303 0.039242 0.050542
0 0.583897 0.601986 0.032476 0.041516
0 0.586265 0.546480 0.037212 0.051444
0 0.574425 0.489170 0.032476 0.041516
0 0.576793 0.440433 0.037212 0.048736
0 0.589986 0.394404 0.032476 0.041516
0 0.572395 0.377256 0.032476 0.041516
0 0.554127 0.396209 0.032476 0.041516
0 0.534168 0.430505 0.035859 0.050542
0 0.491204 0.478339 0.032476 0.041516
0 0.813938 0.408845 0.032476 0.041516
0 0.809878 0.435018 0.032476 0.041516
0 0.755074 0.405235 0.032476 0.041516
0 0.725304 0.374549 0.032476 0.041516
0 0.761164 0.255415 0.032476 0.041516
0 0.727334 0.257220 0.032476 0.041516
0 0.699594 0.280686 0.032476 0.041516
0 0.692828 0.327617 0.032476 0.041516
0 0.672530 0.300542 0.032476 0.041516
0 0.652909 0.278881 0.032476 0.041516
0 0.562923 0.268953 0.032476 0.041516
0 0.523004 0.246390 0.032476 0.041516
0 0.489851 0.294224 0.032476 0.041516
0 0.587280 0.036101 0.032476 0.041516
0 0.628552 0.071300 0.032476 0.041516
0 0.610284 0.102888 0.032476 0.041516
0 0.767253 0.377256 0.032476 0.041516
0 0.781461 0.405235 0.032476 0.041516
0 0.874154 0.404332 0.032476 0.041516
0 0.848444 0.379061 0.032476 0.041516
0 0.845061 0.358303 0.032476 0.041516
0 0.829499 0.318592 0.032476 0.041516
0 0.792287 0.296931 0.032476 0.041516
0 0.744926 0.147112 0.032476 0.041516
0 0.717862 0.154332 0.032476 0.041516
0 0.544655 0.082130 0.032476 0.041516
0 0.518268 0.094765 0.032476 0.041516
0 0.510825 0.027978 0.032476 0.041516
0 0.792963 0.147112 0.032476 0.041516
0 0.796346 0.154332 0.032476 0.041516
0 0.806495 0.109206 0.032476 0.041516
0 0.821380 0.112816 0.032476 0.041516
0 0.846414 0.116426 0.032476 0.041516
0 0.842355 0.136282 0.032476 0.041516
0 0.857240 0.135379 0.032476 0.041516
0 0.876861 0.134477 0.032476 0.041516
0 0.875507 0.158845 0.032476 0.041516
0 0.760487 0.104693 0.032476 0.041516
0 0.775372 0.071300 0.032476 0.041516
0 0.803112 0.065884 0.032476 0.041516
0 0.804804 0.020307 0.031800 0.038809
0 0.845737 0.023466 0.032476 0.041516
0 0.873478 0.023466 0.032476 0.041516
0 0.899865 0.027076 0.032476 0.041516
0 0.769959 0.149819 0.032476 0.041516
