0 0.374154 0.506318 0.037889 0.045126
0 0.511164 0.551895 0.037212 0.040614
0 0.351150 0.576715 0.033829 0.037906
0 0.490866 0.626805 0.046685 0.056859
0 0.357916 0.632220 0.062246 0.064079
0 0.254736 0.582581 0.054804 0.073105
0 0.310893 0.666968 0.053451 0.061372
0 0.351827 0.695848 0.046008 0.037906
0 0.243234 0.816787 0.049391 0.075812
0 0.097091 0.717058 0.064276 0.062274
0 0.594046 0.686372 0.032476 0.033394
0 0.743572 0.810921 0.028417 0.040614
0 0.906292 0.751354 0.037212 0.035199
0 0.823748 0.602888 0.031800 0.032491
0 0.845737 0.542419 0.033829 0.030686
0 0.905616 0.531588 0.029093 0.061372
0 0.938430 0.546029 0.027064 0.028881
0 0.893099 0.586643 0.028417 0.052347
0 0.968877 0.692238 0.029770 0.030686
0 0.985792 0.832130 0.028417 0.030686
0 0.957375 0.201715 0.014885 0.022563
0 0.951962 0.173736 0.017591 0.026173
0 0.935047 0.145758 0.014885 0.017148
0 0.902233 0.140343 0.010149 0.011733
0 0.895129 0.155235 0.013532 0.018051
0 0.885318 0.164711 0.011502 0.018953
0 0.870771 0.180957 0.016238 0.024368
0 0.828823 0.084838 0.013532 0.023466
0 0.816306 0.113718 0.012855 0.023466
0 0.810555 0.054152 0.016238 0.025271
0 0.771989 0.076715 0.017591 0.037906
0 0.802436 0.086643 0.021651 0.025271
0 0.705683 0.023466 0.020298 0.023466
0 0.698579 0.047834 0.012855 0.014440
0 0.695535 0.093412 0.024357 0.040614
0 0.669824 0.148466 0.017591 0.022563
0 0.647158 0.157942 0.011502 0.010830
0 0.682341 0.183664 0.015562 0.013538
0 0.624493 0.033845 0.021651 0.020758
0 0.610961 0.015794 0.012179 0.015343
0 0.595399 0.060018 0.012179 0.020758
0 0.557510 0.079874 0.012179 0.020758
0 0.539581 0.025722 0.011502 0.017148
0 0.549729 0.004964 0.012855 0.008123
0 0.775034 0.197653 0.012855 0.018051
0 0.810893 0.258123 0.014208 0.025271
0 0.629905 0.333935 0.014885 0.014440
0 0.649865 0.331679 0.012855 0.017148
0 0.663735 0.342058 0.010825 0.014440
0 0.656631 0.359657 0.008796 0.020758
0 0.674560 0.359657 0.013532 0.008123
0 0.667794 0.368231 0.012179 0.014440
0 0.679635 0.386733 0.014208 0.017148
0 0.082882 0.064531 0.012855 0.011733
0 0.091678 0.094314 0.016915 0.015343
0 0.098782 0.014892 0.024357 0.027978
0 0.146143 0.077166 0.016238 0.020758
0 0.182341 0.143051 0.007442 0.017148
0 0.197903 0.148466 0.008796 0.011733
0 0.213802 0.143953 0.009472 0.008123
0 0.222598 0.159747 0.017591 0.018051
0 0.154601 0.251354 0.018268 0.020758
0 0.168809 0.228791 0.014208 0.013538
0 0.201286 0.240975 0.011502 0.014440
0 0.192152 0.307310 0.017591 0.018953
0 0.218200 0.295126 0.014208 0.019856
0 0.233762 0.310921 0.016915 0.017148
0 0.219892 0.425993 0.017591 0.018051
0 0.190460 0.442238 0.011502 0.014440
0 0.198241 0.457581 0.013532 0.012635
0 0.205345 0.421931 0.012855 0.017148
0 0.247632 0.365072 0.006766 0.008123
0 0.262855 0.368682 0.011502 0.009928
0 0.661028 0.447653 0.012179 0.014440
0 0.662043 0.462545 0.010149 0.011733
0 0.665088 0.474729 0.008119 0.012635
