0 0.501691 0.939982 0.071042 0.073105
0 0.359608 0.904783 0.053451 0.064079
0 0.373139 0.819946 0.058863 0.069495
0 0.288904 0.861462 0.040595 0.073105
0 0.317659 0.890794 0.056157 0.072202
0 0.335927 0.840253 0.041272 0.055957
0 0.386333 0.648014 0.081191 0.075812
0 0.493911 0.655686 0.082544 0.074910
0 0.407307 0.516245 0.086604 0.061372
0 0.496279 0.540614 0.052097 0.070397
0 0.532138 0.424188 0.058863 0.086643
0 0.648850 0.660650 0.086604 0.093863
0 0.811231 0.724278 0.096076 0.109206
0 0.714141 0.634928 0.073748 0.082130
0 0.735453 0.578520 0.062246 0.074007
0 0.822057 0.516245 0.082544 0.102888
0 0.732747 0.470217 0.070365 0.088448
0 0.695535 0.360560 0.082544 0.094765
0 0.563599 0.550090 0.059540 0.065884
0 0.608931 0.405686 0.048714 0.096570
0 0.429296 0.904783 0.046685 0.082130
