0 0.310555 0.362816 0.028417 0.030686
0 0.327808 0.397563 0.019621 0.024368
0 0.296008 0.419675 0.023681 0.036101
0 0.269283 0.474729 0.028417 0.039711
0 0.307510 0.488718 0.035859 0.046029
0 0.320027 0.449910 0.028417 0.049639
0 0.347767 0.467960 0.037889 0.055054
0 0.354195 0.409296 0.029093 0.047834
0 0.381258 0.420578 0.019621 0.037906
0 0.404263 0.483755 0.026387 0.028881
0 0.430650 0.502708 0.027740 0.045126
0 0.381597 0.536101 0.044655 0.057762
0 0.335250 0.536552 0.048038 0.049639
0 0.311231 0.574007 0.059540 0.070397
0 0.487821 0.551895 0.032476 0.033394
0 0.616373 0.396661 0.041949 0.053249
0 0.635318 0.331679 0.035183 0.058664
0 0.686401 0.347473 0.037212 0.055957
0 0.672869 0.319043 0.029093 0.038809
0 0.698917 0.297834 0.036536 0.043321
0 0.738836 0.344765 0.040595 0.055957
0 0.769283 0.347924 0.037889 0.049639
0 0.771313 0.385379 0.046008 0.052347
0 0.802774 0.374549 0.043978 0.061372
0 0.774357 0.468863 0.048038 0.064079
0 0.848106 0.501354 0.045332 0.058664
