0 0.460081 0.583484 0.058187 0.078520
0 0.399865 0.535199 0.059540 0.057762
0 0.333559 0.595668 0.067659 0.057762
0 0.556157 0.803249 0.078484 0.111913
0 0.466509 0.751354 0.056157 0.098375
0 0.416779 0.794675 0.087957 0.094765
0 0.459066 0.907942 0.094046 0.097473
0 0.797361 0.458032 0.069689 0.067690
0 0.777064 0.432762 0.048038 0.053249
0 0.733424 0.424639 0.052774 0.062274
0 0.672869 0.441336 0.054804 0.050542
0 0.638024 0.482852 0.048714 0.054152
0 0.220907 0.346119 0.053451 0.056859
0 0.262855 0.424639 0.045332 0.049639
0 0.246955 0.450361 0.041949 0.054152
0 0.158999 0.375903 0.047361 0.051444
0 0.105210 0.429152 0.056157 0.062274
0 0.143775 0.439982 0.045332 0.076715
0 0.710081 0.480596 0.038566 0.064079
