0 0.366035 0.455776 0.081191 0.140794
0 0.275034 0.440433 0.077808 0.097473
0 0.332206 0.486462 0.058187 0.110108
0 0.183018 0.689531 0.103518 0.086643
0 0.584574 0.518502 0.069012 0.082130
0 0.648850 0.618231 0.070365 0.075812
0 0.641069 0.467058 0.065629 0.098375
0 0.689783 0.336643 0.077808 0.115523
0 0.662382 0.353339 0.050068 0.087545
0 0.708728 0.251354 0.054804 0.096570
0 0.865020 0.394404 0.069689 0.099278
0 0.073410 0.652527 0.034506 0.046931
0 0.041272 0.653881 0.025710 0.049639
0 0.017253 0.657942 0.033153 0.061372
