0 0.671177 0.351986 0.033829 0.059567
0 0.710758 0.331227 0.041272 0.059567
0 0.761502 0.337996 0.031800 0.064079
0 0.813261 0.344314 0.028417 0.056859
0 0.885318 0.386733 0.037212 0.047834
0 0.876184 0.425993 0.051421 0.059567
0 0.802436 0.629061 0.050068 0.066787
0 0.805819 0.594765 0.028417 0.030686
0 0.623139 0.790614 0.033829 0.037906
0 0.455007 0.625451 0.046685 0.050542
0 0.489851 0.688177 0.048714 0.071300
0 0.573410 0.624097 0.041272 0.056859
0 0.491881 0.543773 0.033829 0.047834
0 0.362652 0.572202 0.046008 0.061372
0 0.311908 0.455776 0.033829 0.046931
0 0.344723 0.455325 0.020974 0.033394
0 0.404601 0.458032 0.023004 0.033394
0 0.467524 0.509025 0.035183 0.039711
0 0.301759 0.885379 0.028417 0.037906
0 0.237145 0.987816 0.037212 0.024368
0 0.131935 0.924639 0.029770 0.031588
0 0.198917 0.762184 0.039242 0.062274
0 0.060893 0.353339 0.012179 0.027978
0 0.092016 0.359206 0.017591 0.016245
0 0.140731 0.365072 0.023004 0.033394
0 0.051759 0.308213 0.015562 0.018953
0 0.085589 0.281137 0.015562 0.017148
0 0.103518 0.256318 0.016238 0.023466
0 0.042963 0.040162 0.015562 0.027978
0 0.060555 0.086191 0.019621 0.026173
0 0.113329 0.054152 0.014208 0.023466
0 0.168471 0.012184 0.032476 0.022563
0 0.344723 0.182310 0.014208 0.023466
0 0.344723 0.161101 0.014208 0.013538
0 0.312585 0.134928 0.021651 0.027978
0 0.348106 0.138538 0.025034 0.026173
0 0.369756 0.159747 0.018268 0.030686
0 0.451624 0.453069 0.057510 0.066787
1 0.544317 0.492329 0.081867 0.107401
1 0.363329 0.916065 0.051421 0.075812
1 0.552097 0.923736 0.069012 0.085740
1 0.732070 0.843412 0.136671 0.134477
1 0.803451 0.755415 0.140054 0.124549
1 0.911705 0.751354 0.133288 0.139892
1 0.928620 0.903430 0.121110 0.178700
1 0.062246 0.428249 0.036536 0.040614
1 0.114682 0.323556 0.033153 0.042419
1 0.129567 0.274819 0.037212 0.049639
1 0.132950 0.089801 0.030447 0.031588
1 0.112314 0.893051 0.062246 0.064079
