1 0.446211 0.607852 0.092693 0.123646
1 0.568336 0.522112 0.055480 0.071300
1 0.558187 0.438628 0.050068 0.090253
1 0.542287 0.629061 0.049391 0.066787
0 0.211434 0.643051 0.031800 0.033394
0 0.258457 0.560018 0.029770 0.027978
0 0.274696 0.599278 0.033829 0.030686
0 0.327808 0.532491 0.030447 0.030686
0 0.319689 0.550542 0.035859 0.037906
0 0.383965 0.497292 0.042625 0.039711
0 0.487821 0.530235 0.033829 0.035199
0 0.514885 0.450812 0.033829 0.047834
1 0.463802 0.364170 0.053451 0.055054
0 0.511164 0.370036 0.037212 0.037906
0 0.517253 0.274819 0.014208 0.018953
0 0.605210 0.120939 0.015562 0.016245
0 0.617050 0.115072 0.010825 0.009928
0 0.632950 0.112816 0.012855 0.014440
0 0.623139 0.161101 0.016238 0.020758
0 0.642760 0.100632 0.020298 0.024368
0 0.640392 0.078520 0.014208 0.023466
0 0.624154 0.085740 0.020974 0.032491
0 0.619756 0.060921 0.016238 0.022563
0 0.603180 0.066787 0.011502 0.010830
0 0.595737 0.066336 0.018268 0.026173
0 0.568336 0.177798 0.012179 0.016245
0 0.571042 0.149819 0.017591 0.019856
0 0.551759 0.155235 0.012855 0.018051
0 0.563599 0.202166 0.006766 0.014440
0 0.533491 0.193592 0.007442 0.013538
0 0.528755 0.209838 0.011502 0.009928
0 0.520636 0.074007 0.010149 0.014440
0 0.533829 0.048285 0.014885 0.013538
0 0.508119 0.041516 0.009472 0.018051
0 0.518606 0.054603 0.011502 0.015343
0 0.494926 0.077617 0.012855 0.019856
0 0.628214 0.009025 0.012855 0.016245
0 0.597767 0.215704 0.008796 0.016245
0 0.575101 0.221119 0.010825 0.018051
0 0.595399 0.236011 0.008119 0.011733
0 0.607240 0.234206 0.008796 0.008123
0 0.606225 0.288809 0.013532 0.018051
0 0.603857 0.267148 0.012855 0.014440
0 0.608593 0.252708 0.012855 0.019856
0 0.621786 0.243231 0.013532 0.013538
0 0.582206 0.246841 0.016915 0.026173
0 0.500338 0.282491 0.006089 0.010830
0 0.501353 0.298736 0.006766 0.009025
0 0.511502 0.307310 0.006766 0.008123
0 0.481394 0.260830 0.010149 0.016245
0 0.475643 0.315433 0.008119 0.011733
0 0.473613 0.296931 0.013532 0.012635
0 0.169486 0.194043 0.012855 0.014440
0 0.160690 0.174639 0.008796 0.011733
0 0.146820 0.190884 0.014885 0.013538
0 0.149865 0.214801 0.015562 0.014440
0 0.129567 0.182310 0.011502 0.009025
0 0.124831 0.160199 0.008796 0.006318
0 0.100812 0.171480 0.014885 0.018051
0 0.085250 0.186372 0.013532 0.018953
0 0.101150 0.193592 0.011502 0.013538
0 0.124154 0.198556 0.012855 0.012635
0 0.103518 0.245036 0.009472 0.011733
0 0.086265 0.240072 0.015562 0.009025
0 0.075101 0.244585 0.012179 0.012635
0 0.104195 0.272112 0.010825 0.009928
0 0.080176 0.277527 0.012855 0.011733
