0 0.250677 0.453069 0.053451 0.072202
0 0.267930 0.377708 0.048714 0.065884
0 0.327131 0.360108 0.053451 0.072202
0 0.357578 0.439982 0.056157 0.074910
0 0.444520 0.407040 0.054127 0.072202
0 0.422192 0.490975 0.054127 0.072202
0 0.485453 0.555957 0.050744 0.068592
0 0.544655 0.568592 0.046008 0.061372
0 0.650541 0.539260 0.048038 0.064079
0 0.580853 0.613267 0.041272 0.055054
0 0.592693 0.910650 0.046008 0.061372
0 0.524019 0.954422 0.043978 0.058664
0 0.500677 0.623195 0.020298 0.027978
0 0.488160 0.609657 0.019621 0.026173
