0 0.605548 0.359657 0.033829 0.040614
0 0.632273 0.399819 0.037212 0.054152
0 0.591340 0.414260 0.033829 0.054152
0 0.685047 0.485108 0.035859 0.049639
0 0.617388 0.610108 0.053451 0.066787
0 0.527402 0.588448 0.048038 0.052347
0 0.488160 0.342509 0.041272 0.049639
0 0.438092 0.718412 0.048038 0.059567
0 0.558187 0.770307 0.039242 0.035199
0 0.530785 0.867780 0.041272 0.049639
0 0.536874 0.929603 0.035859 0.045126
0 0.590325 0.853339 0.042625 0.055054
0 0.595737 0.949458 0.035859 0.052347
0 0.433694 0.966155 0.035183 0.065884
0 0.219215 0.912004 0.023004 0.018953
0 0.268268 0.948556 0.025034 0.021661
0 0.227334 0.590704 0.039242 0.033394
0 0.252368 0.454422 0.028417 0.020758
0 0.296685 0.431859 0.029093 0.038809
0 0.261164 0.495939 0.035183 0.042419
0 0.369756 0.429152 0.020974 0.033394
0 0.358254 0.519856 0.037212 0.043321
0 0.155954 0.245487 0.057510 0.059567
0 0.169486 0.172834 0.037212 0.033394
0 0.256428 0.270307 0.044655 0.047834
0 0.264885 0.191787 0.042625 0.047834
0 0.264885 0.068592 0.042625 0.061372
0 0.389039 0.220217 0.056834 0.052347
0 0.423207 0.125451 0.031800 0.043321
0 0.889716 0.058664 0.028417 0.037906
1 0.920162 0.049639 0.028417 0.043321
0 0.940460 0.093412 0.023004 0.040614
1 0.498647 0.509928 0.062246 0.075812
0 0.900880 0.337094 0.016915 0.044224
0 0.936062 0.383574 0.020974 0.043321
0 0.894114 0.425090 0.015562 0.045126
0 0.940122 0.580325 0.037212 0.043321
0 0.921854 0.704874 0.025034 0.036101
0 0.790934 0.324007 0.024357 0.037906
0 0.806834 0.289711 0.026387 0.055957
