0 0.313599 0.236011 0.037212 0.049639
0 0.269959 0.314531 0.039242 0.049639
0 0.290257 0.360560 0.033829 0.047834
0 0.288904 0.447202 0.033829 0.040614
0 0.251353 0.466155 0.026387 0.026173
0 0.280785 0.501805 0.032476 0.021661
0 0.376861 0.521209 0.021651 0.026173
0 0.291610 0.611011 0.039242 0.036101
0 0.422192 0.581679 0.023004 0.047834
0 0.339310 0.300090 0.014208 0.035199
0 0.405277 0.335740 0.039242 0.054152
0 0.382950 0.309567 0.029770 0.039711
0 0.399188 0.281137 0.044655 0.049639
0 0.452639 0.268051 0.033829 0.043321
0 0.479364 0.303700 0.030447 0.033394
0 0.526049 0.278430 0.053451 0.064079
0 0.485453 0.391245 0.035859 0.047834
0 0.478349 0.437726 0.035183 0.050542
0 0.531800 0.398917 0.032476 0.037906
0 0.513194 0.347473 0.030447 0.030686
0 0.488836 0.546029 0.035859 0.028881
0 0.504060 0.585289 0.027064 0.040614
0 0.531123 0.681408 0.033829 0.043321
0 0.373139 0.776173 0.049391 0.046931
0 0.270974 0.941336 0.037212 0.050542
0 0.547700 0.875000 0.038566 0.055054
0 0.594046 0.797834 0.071719 0.066787
0 0.567321 0.581679 0.025034 0.033394
0 0.617727 0.639892 0.033829 0.030686
0 0.571719 0.534296 0.027064 0.037906
0 0.617388 0.415162 0.053451 0.052347
0 0.581529 0.487816 0.020974 0.035199
0 0.599459 0.473375 0.017591 0.020758
0 0.616035 0.516245 0.019621 0.021661
0 0.650880 0.518502 0.017591 0.020758
0 0.671516 0.549639 0.015562 0.021661
0 0.677605 0.662455 0.014208 0.014440
0 0.710758 0.675090 0.019621 0.016245
0 0.676590 0.499549 0.005413 0.011733
0 0.701624 0.503159 0.016238 0.024368
0 0.114344 0.372744 0.023004 0.023466
0 0.026049 0.367780 0.018268 0.013538
0 0.026049 0.411552 0.018268 0.016245
0 0.064614 0.425542 0.019621 0.026173
0 0.043978 0.433213 0.021651 0.016245
0 0.016238 0.496841 0.023004 0.011733
0 0.043978 0.511282 0.021651 0.017148
0 0.042287 0.458032 0.014208 0.013538
0 0.086604 0.469765 0.017591 0.018953
0 0.774019 0.742780 0.017591 0.028881
0 0.724290 0.575812 0.014208 0.021661
0 0.707375 0.469765 0.019621 0.024368
0 0.700609 0.632220 0.014208 0.026173
0 0.716847 0.646661 0.020974 0.017148
0 0.705345 0.362816 0.019621 0.028881
0 0.674222 0.398917 0.018268 0.023466
0 0.657307 0.399819 0.015562 0.025271
0 0.732070 0.358303 0.012179 0.023466
0 0.724966 0.381769 0.012855 0.014440
0 0.683018 0.371390 0.018268 0.026173
0 0.694520 0.423736 0.019621 0.017148
0 0.715832 0.439982 0.016238 0.011733
0 0.669824 0.425993 0.016238 0.016245
0 0.884303 0.988718 0.021651 0.017148
0 0.898512 0.968412 0.014885 0.014440
0 0.861976 0.941336 0.012179 0.016245
0 0.886671 0.880866 0.008796 0.014440
0 0.811231 0.875000 0.010825 0.011733
0 0.838972 0.848827 0.016238 0.020758
0 0.796346 0.802798 0.016238 0.018953
0 0.768268 0.843863 0.014208 0.016245
0 0.742219 0.658394 0.017591 0.029783
0 0.763532 0.618231 0.008796 0.014440
0 0.766576 0.684567 0.010825 0.017148
0 0.773681 0.626354 0.010149 0.021661
0 0.788227 0.633574 0.010825 0.014440
0 0.786536 0.675090 0.014208 0.023466
0 0.814614 0.675090 0.014885 0.023466
0 0.823072 0.657040 0.012855 0.027076
0 0.817659 0.710289 0.015562 0.023466
0 0.846414 0.685921 0.013532 0.016245
0 0.810893 0.835740 0.014208 0.021661
0 0.731055 0.526625 0.016915 0.026173
0 0.743572 0.514892 0.013532 0.020758
0 0.728349 0.502708 0.016915 0.014440
0 0.731394 0.486011 0.017591 0.022563
0 0.258119 0.551895 0.019621 0.020758
0 0.211434 0.555054 0.018268 0.021661
0 0.196549 0.530235 0.016915 0.017148
0 0.177943 0.517599 0.010825 0.011733
0 0.197226 0.516245 0.014208 0.014440
0 0.181326 0.507220 0.009472 0.010830
0 0.166779 0.467509 0.027740 0.021661
0 0.157645 0.491877 0.014885 0.018051
0 0.157307 0.507671 0.012855 0.015343
0 0.155954 0.442690 0.019621 0.018953
0 0.105210 0.444946 0.023681 0.032491
