0 0.278078 0.054152 0.033829 0.046931
0 0.218200 0.073556 0.025034 0.033394
0 0.305480 0.111011 0.025034 0.023466
0 0.257442 0.225181 0.025034 0.024368
0 0.245940 0.424639 0.048038 0.042419
0 0.298714 0.379964 0.025034 0.037906
0 0.367050 0.495939 0.023681 0.042419
0 0.426590 0.513989 0.046685 0.055054
0 0.403586 0.611011 0.046685 0.045126
0 0.456022 0.560018 0.037889 0.033394
0 0.378552 0.303700 0.035859 0.047834
0 0.366035 0.339350 0.039242 0.043321
0 0.391069 0.400722 0.035183 0.037906
0 0.352165 0.443592 0.042625 0.056859
0 0.340325 0.512635 0.051421 0.052347
0 0.450609 0.339350 0.029770 0.037906
0 0.530108 0.482852 0.042625 0.054152
0 0.968877 0.239621 0.023004 0.033394
0 0.977673 0.346119 0.033829 0.042419
0 0.990189 0.289260 0.019621 0.033394
1 0.510487 0.408394 0.053451 0.071300
1 0.510149 0.567238 0.085250 0.132671
