0 0.175237 0.314531 0.097429 0.143502
0 0.432341 0.648917 0.073072 0.111913
0 0.261840 0.780686 0.073072 0.086643
0 0.616712 0.810018 0.084574 0.101986
0 0.447903 0.439079 0.101488 0.112816
1 0.255751 0.592509 0.243572 0.266245
1 0.321042 0.300542 0.126522 0.178700
1 0.524019 0.525271 0.122463 0.234657
1 0.684371 0.599729 0.192828 0.186823
0 0.743234 0.443141 0.077808 0.088448
0 0.901556 0.556859 0.071042 0.129964
0 0.828823 0.374549 0.075778 0.095668
0 0.643099 0.355144 0.057510 0.087545
0 0.532815 0.391245 0.068336 0.091155
0 0.436401 0.352888 0.115020 0.115523
0 0.417456 0.975632 0.085250 0.048736
