0 0.402571 0.333032 0.055480 0.068592
0 0.340325 0.411552 0.029770 0.036101
0 0.360622 0.523466 0.039242 0.054152
0 0.405954 0.399819 0.033829 0.036101
0 0.446211 0.439982 0.031800 0.040614
0 0.472260 0.574458 0.044655 0.076715
0 0.438092 0.701264 0.041272 0.045126
0 0.525710 0.546029 0.033829 0.046931
0 0.571719 0.747744 0.040595 0.071300
0 0.639378 0.752708 0.033829 0.037906
0 0.649865 0.689531 0.048038 0.059567
0 0.620771 0.529332 0.046685 0.062274
0 0.626861 0.435469 0.054804 0.073105
0 0.640392 0.391697 0.053451 0.052347
0 0.614682 0.357401 0.037212 0.030686
0 0.510149 0.436823 0.056834 0.061372
0 0.505074 0.375000 0.031800 0.047834
0 0.570704 0.353339 0.031800 0.056859
0 0.549391 0.297383 0.035183 0.049639
0 0.459405 0.260830 0.055480 0.084838
0 0.747970 0.937726 0.026387 0.037906
0 0.776725 0.925993 0.016238 0.043321
0 0.796346 0.967058 0.016238 0.026173
0 0.845061 0.983755 0.028417 0.030686
0 0.805142 0.519856 0.027064 0.028881
0 0.776725 0.519404 0.023004 0.033394
0 0.746955 0.487816 0.017591 0.017148
0 0.738160 0.513538 0.028417 0.021661
0 0.706360 0.506769 0.021651 0.026173
0 0.934032 0.115523 0.022327 0.037906
0 0.947564 0.142148 0.026387 0.031588
0 0.840663 0.130415 0.019621 0.040614
0 0.816306 0.124097 0.014208 0.020758
0 0.821042 0.152076 0.023681 0.024368
0 0.806157 0.160650 0.019621 0.018051
0 0.923884 0.029332 0.019621 0.027978
0 0.896482 0.017148 0.021651 0.028881
0 0.918809 0.202617 0.009472 0.009928
0 0.901894 0.226986 0.014885 0.022563
0 0.913396 0.258123 0.018945 0.021661
0 0.927605 0.229693 0.017591 0.022563
0 0.932679 0.212996 0.010149 0.012635
0 0.934709 0.259025 0.008796 0.016245
0 0.953315 0.282942 0.029770 0.027978
0 0.950609 0.246390 0.014885 0.016245
0 0.969553 0.248646 0.017591 0.020758
0 0.949594 0.224729 0.012855 0.016245
0 0.969892 0.324007 0.019621 0.023466
0 0.929973 0.310018 0.012855 0.020758
0 0.869756 0.317238 0.015562 0.017148
0 0.853518 0.337996 0.026387 0.035199
0 0.932341 0.479693 0.017591 0.026173
0 0.943843 0.497744 0.014885 0.017148
0 0.954668 0.476083 0.020298 0.033394
0 0.978687 0.488267 0.018268 0.019856
0 0.975981 0.505415 0.019621 0.016245
0 0.940122 0.564982 0.012855 0.021661
0 0.928958 0.595668 0.014885 0.016245
0 0.955683 0.594765 0.020974 0.018051
0 0.968877 0.573556 0.013532 0.018953
0 0.980379 0.598375 0.017591 0.016245
0 0.967862 0.618231 0.020974 0.023466
