0 0.015223 0.236913 0.020974 0.033394
0 0.036536 0.246390 0.021651 0.023466
0 0.042963 0.276173 0.026387 0.030686
0 0.051083 0.314531 0.031800 0.049639
0 0.016238 0.383123 0.027064 0.055054
0 0.133627 0.246841 0.026387 0.047834
0 0.180311 0.245487 0.030447 0.045126
0 0.213802 0.184567 0.027064 0.033394
0 0.237821 0.175090 0.025034 0.037906
0 0.267253 0.187274 0.033829 0.033394
0 0.267253 0.221570 0.033829 0.035199
0 0.223613 0.239621 0.031800 0.056859
0 0.262855 0.265794 0.014208 0.047834
0 0.250338 0.334386 0.028417 0.024368
0 0.301421 0.265343 0.019621 0.037906
0 0.328823 0.260830 0.021651 0.037906
0 0.315291 0.313177 0.023004 0.028881
0 0.343031 0.346570 0.035183 0.037906
0 0.373139 0.289711 0.031800 0.037906
0 0.409675 0.297834 0.037212 0.030686
0 0.433018 0.282040 0.033829 0.042419
0 0.453315 0.315433 0.024357 0.042419
0 0.415088 0.226534 0.026387 0.039711
0 0.451624 0.199007 0.035859 0.062274
0 0.462111 0.235560 0.028417 0.045126
0 0.485453 0.182310 0.031800 0.052347
0 0.506766 0.203971 0.021651 0.028881
0 0.537212 0.183664 0.021651 0.035199
0 0.570704 0.190884 0.031800 0.064079
0 0.595737 0.166968 0.020974 0.045126
0 0.582206 0.269404 0.037212 0.040614
0 0.608254 0.244134 0.024357 0.042419
0 0.634303 0.228791 0.037212 0.055054
0 0.633288 0.165614 0.021651 0.033394
0 0.636671 0.270758 0.028417 0.037906
0 0.665426 0.285650 0.031800 0.040614
0 0.703315 0.232401 0.030447 0.056859
0 0.735453 0.130415 0.023004 0.042419
0 0.766915 0.106498 0.025034 0.032491
0 0.791949 0.199007 0.042625 0.047834
0 0.866712 0.092058 0.028417 0.037906
0 0.871786 0.164711 0.029093 0.035199
0 0.907645 0.118231 0.025034 0.023466
0 0.928620 0.151625 0.025034 0.037906
0 0.902909 0.023014 0.023681 0.044224
0 0.922530 0.024819 0.023681 0.040614
0 0.988498 0.026625 0.023004 0.049639
0 0.392084 0.414260 0.026387 0.045126
0 0.382273 0.484206 0.017591 0.033394
0 0.359946 0.537455 0.037889 0.035199
0 0.413396 0.482852 0.023004 0.039711
0 0.394790 0.611462 0.025034 0.026173
0 0.417794 0.579422 0.020974 0.023466
0 0.445196 0.518502 0.023004 0.031588
0 0.449932 0.599278 0.028417 0.036101
0 0.502030 0.562726 0.033829 0.047834
0 0.559540 0.425993 0.044655 0.059567
0 0.537889 0.568141 0.040595 0.040614
0 0.575101 0.615072 0.044655 0.033394
0 0.560217 0.656137 0.043302 0.030686
0 0.861976 0.222022 0.055480 0.045126
0 0.546008 0.750451 0.032476 0.033394
0 0.446888 0.731498 0.037212 0.056859
0 0.445535 0.801444 0.037212 0.068592
1 0.561908 0.706227 0.064276 0.064079
0 0.817321 0.126354 0.010825 0.014440
0 0.808863 0.139440 0.010149 0.017148
0 0.825440 0.138989 0.010825 0.014440
0 0.795670 0.131769 0.016238 0.018051
0 0.777740 0.144404 0.010149 0.019856
0 0.796346 0.147112 0.012179 0.014440
0 0.942152 0.081227 0.019621 0.028881
0 0.949594 0.014892 0.018268 0.024368
0 0.043978 0.121390 0.017591 0.026173
0 0.014208 0.159747 0.018945 0.018051
0 0.005751 0.144404 0.010149 0.019856
0 0.058863 0.017599 0.016238 0.017148
0 0.127537 0.065884 0.018268 0.019856
