1 0.461434 0.438177 0.079838 0.101986
1 0.428620 0.543773 0.092693 0.085740
1 0.536874 0.560018 0.064276 0.094765
1 0.600135 0.572202 0.044655 0.104693
1 0.552097 0.466155 0.073072 0.101986
1 0.489851 0.391697 0.073072 0.061372
1 0.544317 0.399819 0.053451 0.054152
1 0.241543 0.372744 0.024357 0.028881
1 0.222936 0.405686 0.037212 0.024368
1 0.209405 0.367780 0.020974 0.018953
0 0.395805 0.651625 0.033829 0.045126
0 0.487821 0.642148 0.033829 0.040614
0 0.876522 0.497744 0.019621 0.027978
0 0.902909 0.491426 0.012855 0.020758
0 0.820027 0.948556 0.013532 0.019856
0 0.841001 0.968863 0.006766 0.011733
0 0.845737 0.981949 0.010825 0.014440
0 0.866712 0.957581 0.009472 0.018051
0 0.867050 0.943592 0.011502 0.011733
0 0.850812 0.950812 0.012855 0.018953
0 0.830853 0.931859 0.010825 0.013538
